p cnf 150 2786
1 2 3 0
4 5 6 0
7 8 9 0
10 11 12 0
13 14 15 0
16 17 18 0
19 20 21 0
22 23 24 0
25 26 27 0
28 29 30 0
31 32 33 0
34 35 36 0
37 38 39 0
40 41 42 0
43 44 45 0
46 47 48 0
49 50 51 0
52 53 54 0
55 56 57 0
58 59 60 0
61 62 63 0
64 65 66 0
67 68 69 0
70 71 72 0
73 74 75 0
76 77 78 0
79 80 81 0
82 83 84 0
85 86 87 0
88 89 90 0
91 92 93 0
94 95 96 0
97 98 99 0
100 101 102 0
103 104 105 0
106 107 108 0
109 110 111 0
112 113 114 0
115 116 117 0
118 119 120 0
121 122 123 0
124 125 126 0
127 128 129 0
130 131 132 0
133 134 135 0
136 137 138 0
139 140 141 0
142 143 144 0
145 146 147 0
148 149 150 0
-1 -4 0
-2 -5 0
-3 -6 0
-1 -7 0
-2 -8 0
-3 -9 0
-1 -10 0
-2 -11 0
-3 -12 0
-1 -13 0
-2 -14 0
-3 -15 0
-1 -28 0
-2 -29 0
-3 -30 0
-1 -31 0
-2 -32 0
-3 -33 0
-1 -34 0
-2 -35 0
-3 -36 0
-1 -40 0
-2 -41 0
-3 -42 0
-1 -43 0
-2 -44 0
-3 -45 0
-1 -46 0
-2 -47 0
-3 -48 0
-1 -49 0
-2 -50 0
-3 -51 0
-1 -52 0
-2 -53 0
-3 -54 0
-1 -55 0
-2 -56 0
-3 -57 0
-1 -58 0
-2 -59 0
-3 -60 0
-1 -61 0
-2 -62 0
-3 -63 0
-1 -64 0
-2 -65 0
-3 -66 0
-1 -67 0
-2 -68 0
-3 -69 0
-1 -76 0
-2 -77 0
-3 -78 0
-1 -85 0
-2 -86 0
-3 -87 0
-1 -88 0
-2 -89 0
-3 -90 0
-1 -91 0
-2 -92 0
-3 -93 0
-1 -97 0
-2 -98 0
-3 -99 0
-1 -100 0
-2 -101 0
-3 -102 0
-1 -106 0
-2 -107 0
-3 -108 0
-1 -109 0
-2 -110 0
-3 -111 0
-1 -112 0
-2 -113 0
-3 -114 0
-1 -115 0
-2 -116 0
-3 -117 0
-1 -118 0
-2 -119 0
-3 -120 0
-1 -121 0
-2 -122 0
-3 -123 0
-1 -124 0
-2 -125 0
-3 -126 0
-1 -127 0
-2 -128 0
-3 -129 0
-1 -133 0
-2 -134 0
-3 -135 0
-1 -136 0
-2 -137 0
-3 -138 0
-1 -139 0
-2 -140 0
-3 -141 0
-1 -142 0
-2 -143 0
-3 -144 0
-1 -145 0
-2 -146 0
-3 -147 0
-1 -148 0
-2 -149 0
-3 -150 0
-4 -7 0
-5 -8 0
-6 -9 0
-4 -10 0
-5 -11 0
-6 -12 0
-4 -16 0
-5 -17 0
-6 -18 0
-4 -22 0
-5 -23 0
-6 -24 0
-4 -28 0
-5 -29 0
-6 -30 0
-4 -31 0
-5 -32 0
-6 -33 0
-4 -34 0
-5 -35 0
-6 -36 0
-4 -43 0
-5 -44 0
-6 -45 0
-4 -46 0
-5 -47 0
-6 -48 0
-4 -49 0
-5 -50 0
-6 -51 0
-4 -55 0
-5 -56 0
-6 -57 0
-4 -58 0
-5 -59 0
-6 -60 0
-4 -61 0
-5 -62 0
-6 -63 0
-4 -64 0
-5 -65 0
-6 -66 0
-4 -70 0
-5 -71 0
-6 -72 0
-4 -73 0
-5 -74 0
-6 -75 0
-4 -76 0
-5 -77 0
-6 -78 0
-4 -79 0
-5 -80 0
-6 -81 0
-4 -82 0
-5 -83 0
-6 -84 0
-4 -85 0
-5 -86 0
-6 -87 0
-4 -88 0
-5 -89 0
-6 -90 0
-4 -91 0
-5 -92 0
-6 -93 0
-4 -97 0
-5 -98 0
-6 -99 0
-4 -100 0
-5 -101 0
-6 -102 0
-4 -106 0
-5 -107 0
-6 -108 0
-4 -109 0
-5 -110 0
-6 -111 0
-4 -112 0
-5 -113 0
-6 -114 0
-4 -121 0
-5 -122 0
-6 -123 0
-4 -124 0
-5 -125 0
-6 -126 0
-4 -127 0
-5 -128 0
-6 -129 0
-4 -130 0
-5 -131 0
-6 -132 0
-4 -136 0
-5 -137 0
-6 -138 0
-4 -139 0
-5 -140 0
-6 -141 0
-4 -142 0
-5 -143 0
-6 -144 0
-4 -145 0
-5 -146 0
-6 -147 0
-7 -10 0
-8 -11 0
-9 -12 0
-7 -13 0
-8 -14 0
-9 -15 0
-7 -16 0
-8 -17 0
-9 -18 0
-7 -19 0
-8 -20 0
-9 -21 0
-7 -22 0
-8 -23 0
-9 -24 0
-7 -25 0
-8 -26 0
-9 -27 0
-7 -28 0
-8 -29 0
-9 -30 0
-7 -31 0
-8 -32 0
-9 -33 0
-7 -34 0
-8 -35 0
-9 -36 0
-7 -37 0
-8 -38 0
-9 -39 0
-7 -40 0
-8 -41 0
-9 -42 0
-7 -43 0
-8 -44 0
-9 -45 0
-7 -46 0
-8 -47 0
-9 -48 0
-7 -52 0
-8 -53 0
-9 -54 0
-7 -55 0
-8 -56 0
-9 -57 0
-7 -61 0
-8 -62 0
-9 -63 0
-7 -64 0
-8 -65 0
-9 -66 0
-7 -70 0
-8 -71 0
-9 -72 0
-7 -76 0
-8 -77 0
-9 -78 0
-7 -79 0
-8 -80 0
-9 -81 0
-7 -82 0
-8 -83 0
-9 -84 0
-7 -88 0
-8 -89 0
-9 -90 0
-7 -91 0
-8 -92 0
-9 -93 0
-7 -94 0
-8 -95 0
-9 -96 0
-7 -97 0
-8 -98 0
-9 -99 0
-7 -100 0
-8 -101 0
-9 -102 0
-7 -106 0
-8 -107 0
-9 -108 0
-7 -109 0
-8 -110 0
-9 -111 0
-7 -112 0
-8 -113 0
-9 -114 0
-7 -124 0
-8 -125 0
-9 -126 0
-7 -127 0
-8 -128 0
-9 -129 0
-7 -130 0
-8 -131 0
-9 -132 0
-7 -136 0
-8 -137 0
-9 -138 0
-7 -139 0
-8 -140 0
-9 -141 0
-7 -142 0
-8 -143 0
-9 -144 0
-7 -145 0
-8 -146 0
-9 -147 0
-10 -13 0
-11 -14 0
-12 -15 0
-10 -16 0
-11 -17 0
-12 -18 0
-10 -22 0
-11 -23 0
-12 -24 0
-10 -25 0
-11 -26 0
-12 -27 0
-10 -28 0
-11 -29 0
-12 -30 0
-10 -31 0
-11 -32 0
-12 -33 0
-10 -40 0
-11 -41 0
-12 -42 0
-10 -43 0
-11 -44 0
-12 -45 0
-10 -49 0
-11 -50 0
-12 -51 0
-10 -52 0
-11 -53 0
-12 -54 0
-10 -58 0
-11 -59 0
-12 -60 0
-10 -61 0
-11 -62 0
-12 -63 0
-10 -64 0
-11 -65 0
-12 -66 0
-10 -67 0
-11 -68 0
-12 -69 0
-10 -70 0
-11 -71 0
-12 -72 0
-10 -76 0
-11 -77 0
-12 -78 0
-10 -79 0
-11 -80 0
-12 -81 0
-10 -82 0
-11 -83 0
-12 -84 0
-10 -85 0
-11 -86 0
-12 -87 0
-10 -88 0
-11 -89 0
-12 -90 0
-10 -91 0
-11 -92 0
-12 -93 0
-10 -103 0
-11 -104 0
-12 -105 0
-10 -106 0
-11 -107 0
-12 -108 0
-10 -115 0
-11 -116 0
-12 -117 0
-10 -121 0
-11 -122 0
-12 -123 0
-10 -124 0
-11 -125 0
-12 -126 0
-10 -127 0
-11 -128 0
-12 -129 0
-10 -130 0
-11 -131 0
-12 -132 0
-10 -133 0
-11 -134 0
-12 -135 0
-10 -136 0
-11 -137 0
-12 -138 0
-10 -139 0
-11 -140 0
-12 -141 0
-10 -145 0
-11 -146 0
-12 -147 0
-10 -148 0
-11 -149 0
-12 -150 0
-13 -16 0
-14 -17 0
-15 -18 0
-13 -19 0
-14 -20 0
-15 -21 0
-13 -22 0
-14 -23 0
-15 -24 0
-13 -25 0
-14 -26 0
-15 -27 0
-13 -28 0
-14 -29 0
-15 -30 0
-13 -31 0
-14 -32 0
-15 -33 0
-13 -34 0
-14 -35 0
-15 -36 0
-13 -37 0
-14 -38 0
-15 -39 0
-13 -43 0
-14 -44 0
-15 -45 0
-13 -46 0
-14 -47 0
-15 -48 0
-13 -52 0
-14 -53 0
-15 -54 0
-13 -58 0
-14 -59 0
-15 -60 0
-13 -61 0
-14 -62 0
-15 -63 0
-13 -64 0
-14 -65 0
-15 -66 0
-13 -73 0
-14 -74 0
-15 -75 0
-13 -76 0
-14 -77 0
-15 -78 0
-13 -79 0
-14 -80 0
-15 -81 0
-13 -85 0
-14 -86 0
-15 -87 0
-13 -91 0
-14 -92 0
-15 -93 0
-13 -97 0
-14 -98 0
-15 -99 0
-13 -100 0
-14 -101 0
-15 -102 0
-13 -106 0
-14 -107 0
-15 -108 0
-13 -109 0
-14 -110 0
-15 -111 0
-13 -115 0
-14 -116 0
-15 -117 0
-13 -121 0
-14 -122 0
-15 -123 0
-13 -124 0
-14 -125 0
-15 -126 0
-13 -127 0
-14 -128 0
-15 -129 0
-13 -130 0
-14 -131 0
-15 -132 0
-13 -133 0
-14 -134 0
-15 -135 0
-13 -136 0
-14 -137 0
-15 -138 0
-13 -139 0
-14 -140 0
-15 -141 0
-13 -142 0
-14 -143 0
-15 -144 0
-13 -145 0
-14 -146 0
-15 -147 0
-13 -148 0
-14 -149 0
-15 -150 0
-16 -19 0
-17 -20 0
-18 -21 0
-16 -28 0
-17 -29 0
-18 -30 0
-16 -34 0
-17 -35 0
-18 -36 0
-16 -37 0
-17 -38 0
-18 -39 0
-16 -40 0
-17 -41 0
-18 -42 0
-16 -46 0
-17 -47 0
-18 -48 0
-16 -52 0
-17 -53 0
-18 -54 0
-16 -55 0
-17 -56 0
-18 -57 0
-16 -61 0
-17 -62 0
-18 -63 0
-16 -67 0
-17 -68 0
-18 -69 0
-16 -70 0
-17 -71 0
-18 -72 0
-16 -73 0
-17 -74 0
-18 -75 0
-16 -76 0
-17 -77 0
-18 -78 0
-16 -79 0
-17 -80 0
-18 -81 0
-16 -85 0
-17 -86 0
-18 -87 0
-16 -94 0
-17 -95 0
-18 -96 0
-16 -97 0
-17 -98 0
-18 -99 0
-16 -100 0
-17 -101 0
-18 -102 0
-16 -109 0
-17 -110 0
-18 -111 0
-16 -112 0
-17 -113 0
-18 -114 0
-16 -115 0
-17 -116 0
-18 -117 0
-16 -118 0
-17 -119 0
-18 -120 0
-16 -121 0
-17 -122 0
-18 -123 0
-16 -124 0
-17 -125 0
-18 -126 0
-16 -127 0
-17 -128 0
-18 -129 0
-16 -130 0
-17 -131 0
-18 -132 0
-16 -133 0
-17 -134 0
-18 -135 0
-16 -139 0
-17 -140 0
-18 -141 0
-16 -142 0
-17 -143 0
-18 -144 0
-16 -145 0
-17 -146 0
-18 -147 0
-16 -148 0
-17 -149 0
-18 -150 0
-19 -22 0
-20 -23 0
-21 -24 0
-19 -25 0
-20 -26 0
-21 -27 0
-19 -28 0
-20 -29 0
-21 -30 0
-19 -34 0
-20 -35 0
-21 -36 0
-19 -37 0
-20 -38 0
-21 -39 0
-19 -46 0
-20 -47 0
-21 -48 0
-19 -52 0
-20 -53 0
-21 -54 0
-19 -55 0
-20 -56 0
-21 -57 0
-19 -58 0
-20 -59 0
-21 -60 0
-19 -61 0
-20 -62 0
-21 -63 0
-19 -64 0
-20 -65 0
-21 -66 0
-19 -70 0
-20 -71 0
-21 -72 0
-19 -73 0
-20 -74 0
-21 -75 0
-19 -76 0
-20 -77 0
-21 -78 0
-19 -85 0
-20 -86 0
-21 -87 0
-19 -88 0
-20 -89 0
-21 -90 0
-19 -91 0
-20 -92 0
-21 -93 0
-19 -94 0
-20 -95 0
-21 -96 0
-19 -97 0
-20 -98 0
-21 -99 0
-19 -100 0
-20 -101 0
-21 -102 0
-19 -109 0
-20 -110 0
-21 -111 0
-19 -115 0
-20 -116 0
-21 -117 0
-19 -118 0
-20 -119 0
-21 -120 0
-19 -121 0
-20 -122 0
-21 -123 0
-19 -124 0
-20 -125 0
-21 -126 0
-19 -136 0
-20 -137 0
-21 -138 0
-19 -139 0
-20 -140 0
-21 -141 0
-19 -142 0
-20 -143 0
-21 -144 0
-19 -145 0
-20 -146 0
-21 -147 0
-19 -148 0
-20 -149 0
-21 -150 0
-22 -25 0
-23 -26 0
-24 -27 0
-22 -28 0
-23 -29 0
-24 -30 0
-22 -34 0
-23 -35 0
-24 -36 0
-22 -37 0
-23 -38 0
-24 -39 0
-22 -40 0
-23 -41 0
-24 -42 0
-22 -43 0
-23 -44 0
-24 -45 0
-22 -46 0
-23 -47 0
-24 -48 0
-22 -52 0
-23 -53 0
-24 -54 0
-22 -55 0
-23 -56 0
-24 -57 0
-22 -61 0
-23 -62 0
-24 -63 0
-22 -64 0
-23 -65 0
-24 -66 0
-22 -67 0
-23 -68 0
-24 -69 0
-22 -70 0
-23 -71 0
-24 -72 0
-22 -76 0
-23 -77 0
-24 -78 0
-22 -79 0
-23 -80 0
-24 -81 0
-22 -82 0
-23 -83 0
-24 -84 0
-22 -85 0
-23 -86 0
-24 -87 0
-22 -91 0
-23 -92 0
-24 -93 0
-22 -97 0
-23 -98 0
-24 -99 0
-22 -100 0
-23 -101 0
-24 -102 0
-22 -103 0
-23 -104 0
-24 -105 0
-22 -106 0
-23 -107 0
-24 -108 0
-22 -115 0
-23 -116 0
-24 -117 0
-22 -118 0
-23 -119 0
-24 -120 0
-22 -121 0
-23 -122 0
-24 -123 0
-22 -124 0
-23 -125 0
-24 -126 0
-22 -130 0
-23 -131 0
-24 -132 0
-22 -133 0
-23 -134 0
-24 -135 0
-22 -136 0
-23 -137 0
-24 -138 0
-22 -139 0
-23 -140 0
-24 -141 0
-22 -142 0
-23 -143 0
-24 -144 0
-22 -145 0
-23 -146 0
-24 -147 0
-22 -148 0
-23 -149 0
-24 -150 0
-25 -31 0
-26 -32 0
-27 -33 0
-25 -34 0
-26 -35 0
-27 -36 0
-25 -37 0
-26 -38 0
-27 -39 0
-25 -43 0
-26 -44 0
-27 -45 0
-25 -52 0
-26 -53 0
-27 -54 0
-25 -55 0
-26 -56 0
-27 -57 0
-25 -58 0
-26 -59 0
-27 -60 0
-25 -61 0
-26 -62 0
-27 -63 0
-25 -64 0
-26 -65 0
-27 -66 0
-25 -67 0
-26 -68 0
-27 -69 0
-25 -73 0
-26 -74 0
-27 -75 0
-25 -79 0
-26 -80 0
-27 -81 0
-25 -82 0
-26 -83 0
-27 -84 0
-25 -85 0
-26 -86 0
-27 -87 0
-25 -88 0
-26 -89 0
-27 -90 0
-25 -91 0
-26 -92 0
-27 -93 0
-25 -100 0
-26 -101 0
-27 -102 0
-25 -106 0
-26 -107 0
-27 -108 0
-25 -115 0
-26 -116 0
-27 -117 0
-25 -121 0
-26 -122 0
-27 -123 0
-25 -124 0
-26 -125 0
-27 -126 0
-25 -130 0
-26 -131 0
-27 -132 0
-25 -133 0
-26 -134 0
-27 -135 0
-25 -136 0
-26 -137 0
-27 -138 0
-25 -142 0
-26 -143 0
-27 -144 0
-25 -145 0
-26 -146 0
-27 -147 0
-25 -148 0
-26 -149 0
-27 -150 0
-28 -31 0
-29 -32 0
-30 -33 0
-28 -34 0
-29 -35 0
-30 -36 0
-28 -37 0
-29 -38 0
-30 -39 0
-28 -43 0
-29 -44 0
-30 -45 0
-28 -46 0
-29 -47 0
-30 -48 0
-28 -49 0
-29 -50 0
-30 -51 0
-28 -52 0
-29 -53 0
-30 -54 0
-28 -55 0
-29 -56 0
-30 -57 0
-28 -58 0
-29 -59 0
-30 -60 0
-28 -64 0
-29 -65 0
-30 -66 0
-28 -70 0
-29 -71 0
-30 -72 0
-28 -73 0
-29 -74 0
-30 -75 0
-28 -85 0
-29 -86 0
-30 -87 0
-28 -88 0
-29 -89 0
-30 -90 0
-28 -94 0
-29 -95 0
-30 -96 0
-28 -97 0
-29 -98 0
-30 -99 0
-28 -100 0
-29 -101 0
-30 -102 0
-28 -103 0
-29 -104 0
-30 -105 0
-28 -106 0
-29 -107 0
-30 -108 0
-28 -115 0
-29 -116 0
-30 -117 0
-28 -118 0
-29 -119 0
-30 -120 0
-28 -124 0
-29 -125 0
-30 -126 0
-28 -130 0
-29 -131 0
-30 -132 0
-28 -133 0
-29 -134 0
-30 -135 0
-28 -139 0
-29 -140 0
-30 -141 0
-28 -142 0
-29 -143 0
-30 -144 0
-28 -145 0
-29 -146 0
-30 -147 0
-28 -148 0
-29 -149 0
-30 -150 0
-31 -34 0
-32 -35 0
-33 -36 0
-31 -37 0
-32 -38 0
-33 -39 0
-31 -40 0
-32 -41 0
-33 -42 0
-31 -43 0
-32 -44 0
-33 -45 0
-31 -49 0
-32 -50 0
-33 -51 0
-31 -52 0
-32 -53 0
-33 -54 0
-31 -55 0
-32 -56 0
-33 -57 0
-31 -58 0
-32 -59 0
-33 -60 0
-31 -61 0
-32 -62 0
-33 -63 0
-31 -70 0
-32 -71 0
-33 -72 0
-31 -73 0
-32 -74 0
-33 -75 0
-31 -79 0
-32 -80 0
-33 -81 0
-31 -82 0
-32 -83 0
-33 -84 0
-31 -85 0
-32 -86 0
-33 -87 0
-31 -91 0
-32 -92 0
-33 -93 0
-31 -97 0
-32 -98 0
-33 -99 0
-31 -100 0
-32 -101 0
-33 -102 0
-31 -103 0
-32 -104 0
-33 -105 0
-31 -106 0
-32 -107 0
-33 -108 0
-31 -112 0
-32 -113 0
-33 -114 0
-31 -115 0
-32 -116 0
-33 -117 0
-31 -118 0
-32 -119 0
-33 -120 0
-31 -121 0
-32 -122 0
-33 -123 0
-31 -124 0
-32 -125 0
-33 -126 0
-31 -127 0
-32 -128 0
-33 -129 0
-31 -130 0
-32 -131 0
-33 -132 0
-31 -136 0
-32 -137 0
-33 -138 0
-31 -139 0
-32 -140 0
-33 -141 0
-34 -37 0
-35 -38 0
-36 -39 0
-34 -40 0
-35 -41 0
-36 -42 0
-34 -43 0
-35 -44 0
-36 -45 0
-34 -46 0
-35 -47 0
-36 -48 0
-34 -49 0
-35 -50 0
-36 -51 0
-34 -55 0
-35 -56 0
-36 -57 0
-34 -58 0
-35 -59 0
-36 -60 0
-34 -61 0
-35 -62 0
-36 -63 0
-34 -67 0
-35 -68 0
-36 -69 0
-34 -70 0
-35 -71 0
-36 -72 0
-34 -73 0
-35 -74 0
-36 -75 0
-34 -76 0
-35 -77 0
-36 -78 0
-34 -79 0
-35 -80 0
-36 -81 0
-34 -82 0
-35 -83 0
-36 -84 0
-34 -85 0
-35 -86 0
-36 -87 0
-34 -91 0
-35 -92 0
-36 -93 0
-34 -94 0
-35 -95 0
-36 -96 0
-34 -97 0
-35 -98 0
-36 -99 0
-34 -100 0
-35 -101 0
-36 -102 0
-34 -103 0
-35 -104 0
-36 -105 0
-34 -109 0
-35 -110 0
-36 -111 0
-34 -115 0
-35 -116 0
-36 -117 0
-34 -118 0
-35 -119 0
-36 -120 0
-34 -121 0
-35 -122 0
-36 -123 0
-34 -124 0
-35 -125 0
-36 -126 0
-34 -127 0
-35 -128 0
-36 -129 0
-34 -130 0
-35 -131 0
-36 -132 0
-34 -133 0
-35 -134 0
-36 -135 0
-34 -136 0
-35 -137 0
-36 -138 0
-34 -139 0
-35 -140 0
-36 -141 0
-34 -142 0
-35 -143 0
-36 -144 0
-34 -145 0
-35 -146 0
-36 -147 0
-34 -148 0
-35 -149 0
-36 -150 0
-37 -43 0
-38 -44 0
-39 -45 0
-37 -46 0
-38 -47 0
-39 -48 0
-37 -49 0
-38 -50 0
-39 -51 0
-37 -52 0
-38 -53 0
-39 -54 0
-37 -55 0
-38 -56 0
-39 -57 0
-37 -58 0
-38 -59 0
-39 -60 0
-37 -67 0
-38 -68 0
-39 -69 0
-37 -73 0
-38 -74 0
-39 -75 0
-37 -76 0
-38 -77 0
-39 -78 0
-37 -82 0
-38 -83 0
-39 -84 0
-37 -85 0
-38 -86 0
-39 -87 0
-37 -88 0
-38 -89 0
-39 -90 0
-37 -91 0
-38 -92 0
-39 -93 0
-37 -94 0
-38 -95 0
-39 -96 0
-37 -97 0
-38 -98 0
-39 -99 0
-37 -100 0
-38 -101 0
-39 -102 0
-37 -103 0
-38 -104 0
-39 -105 0
-37 -109 0
-38 -110 0
-39 -111 0
-37 -124 0
-38 -125 0
-39 -126 0
-37 -127 0
-38 -128 0
-39 -129 0
-37 -130 0
-38 -131 0
-39 -132 0
-37 -136 0
-38 -137 0
-39 -138 0
-37 -139 0
-38 -140 0
-39 -141 0
-37 -142 0
-38 -143 0
-39 -144 0
-37 -145 0
-38 -146 0
-39 -147 0
-37 -148 0
-38 -149 0
-39 -150 0
-40 -43 0
-41 -44 0
-42 -45 0
-40 -52 0
-41 -53 0
-42 -54 0
-40 -55 0
-41 -56 0
-42 -57 0
-40 -61 0
-41 -62 0
-42 -63 0
-40 -64 0
-41 -65 0
-42 -66 0
-40 -79 0
-41 -80 0
-42 -81 0
-40 -82 0
-41 -83 0
-42 -84 0
-40 -85 0
-41 -86 0
-42 -87 0
-40 -88 0
-41 -89 0
-42 -90 0
-40 -91 0
-41 -92 0
-42 -93 0
-40 -97 0
-41 -98 0
-42 -99 0
-40 -103 0
-41 -104 0
-42 -105 0
-40 -106 0
-41 -107 0
-42 -108 0
-40 -109 0
-41 -110 0
-42 -111 0
-40 -112 0
-41 -113 0
-42 -114 0
-40 -118 0
-41 -119 0
-42 -120 0
-40 -121 0
-41 -122 0
-42 -123 0
-40 -127 0
-41 -128 0
-42 -129 0
-40 -130 0
-41 -131 0
-42 -132 0
-40 -142 0
-41 -143 0
-42 -144 0
-40 -145 0
-41 -146 0
-42 -147 0
-43 -46 0
-44 -47 0
-45 -48 0
-43 -49 0
-44 -50 0
-45 -51 0
-43 -52 0
-44 -53 0
-45 -54 0
-43 -55 0
-44 -56 0
-45 -57 0
-43 -61 0
-44 -62 0
-45 -63 0
-43 -64 0
-44 -65 0
-45 -66 0
-43 -67 0
-44 -68 0
-45 -69 0
-43 -70 0
-44 -71 0
-45 -72 0
-43 -73 0
-44 -74 0
-45 -75 0
-43 -76 0
-44 -77 0
-45 -78 0
-43 -79 0
-44 -80 0
-45 -81 0
-43 -82 0
-44 -83 0
-45 -84 0
-43 -88 0
-44 -89 0
-45 -90 0
-43 -94 0
-44 -95 0
-45 -96 0
-43 -97 0
-44 -98 0
-45 -99 0
-43 -106 0
-44 -107 0
-45 -108 0
-43 -109 0
-44 -110 0
-45 -111 0
-43 -112 0
-44 -113 0
-45 -114 0
-43 -115 0
-44 -116 0
-45 -117 0
-43 -121 0
-44 -122 0
-45 -123 0
-43 -124 0
-44 -125 0
-45 -126 0
-43 -127 0
-44 -128 0
-45 -129 0
-43 -130 0
-44 -131 0
-45 -132 0
-43 -133 0
-44 -134 0
-45 -135 0
-43 -142 0
-44 -143 0
-45 -144 0
-43 -148 0
-44 -149 0
-45 -150 0
-46 -52 0
-47 -53 0
-48 -54 0
-46 -55 0
-47 -56 0
-48 -57 0
-46 -58 0
-47 -59 0
-48 -60 0
-46 -61 0
-47 -62 0
-48 -63 0
-46 -64 0
-47 -65 0
-48 -66 0
-46 -67 0
-47 -68 0
-48 -69 0
-46 -70 0
-47 -71 0
-48 -72 0
-46 -73 0
-47 -74 0
-48 -75 0
-46 -76 0
-47 -77 0
-48 -78 0
-46 -79 0
-47 -80 0
-48 -81 0
-46 -88 0
-47 -89 0
-48 -90 0
-46 -94 0
-47 -95 0
-48 -96 0
-46 -97 0
-47 -98 0
-48 -99 0
-46 -100 0
-47 -101 0
-48 -102 0
-46 -103 0
-47 -104 0
-48 -105 0
-46 -106 0
-47 -107 0
-48 -108 0
-46 -109 0
-47 -110 0
-48 -111 0
-46 -112 0
-47 -113 0
-48 -114 0
-46 -115 0
-47 -116 0
-48 -117 0
-46 -118 0
-47 -119 0
-48 -120 0
-46 -127 0
-47 -128 0
-48 -129 0
-46 -130 0
-47 -131 0
-48 -132 0
-46 -133 0
-47 -134 0
-48 -135 0
-46 -136 0
-47 -137 0
-48 -138 0
-46 -139 0
-47 -140 0
-48 -141 0
-46 -142 0
-47 -143 0
-48 -144 0
-46 -145 0
-47 -146 0
-48 -147 0
-46 -148 0
-47 -149 0
-48 -150 0
-49 -52 0
-50 -53 0
-51 -54 0
-49 -55 0
-50 -56 0
-51 -57 0
-49 -61 0
-50 -62 0
-51 -63 0
-49 -64 0
-50 -65 0
-51 -66 0
-49 -67 0
-50 -68 0
-51 -69 0
-49 -70 0
-50 -71 0
-51 -72 0
-49 -79 0
-50 -80 0
-51 -81 0
-49 -82 0
-50 -83 0
-51 -84 0
-49 -85 0
-50 -86 0
-51 -87 0
-49 -88 0
-50 -89 0
-51 -90 0
-49 -94 0
-50 -95 0
-51 -96 0
-49 -97 0
-50 -98 0
-51 -99 0
-49 -100 0
-50 -101 0
-51 -102 0
-49 -103 0
-50 -104 0
-51 -105 0
-49 -106 0
-50 -107 0
-51 -108 0
-49 -118 0
-50 -119 0
-51 -120 0
-49 -121 0
-50 -122 0
-51 -123 0
-49 -124 0
-50 -125 0
-51 -126 0
-49 -127 0
-50 -128 0
-51 -129 0
-49 -130 0
-50 -131 0
-51 -132 0
-49 -139 0
-50 -140 0
-51 -141 0
-49 -145 0
-50 -146 0
-51 -147 0
-49 -148 0
-50 -149 0
-51 -150 0
-52 -55 0
-53 -56 0
-54 -57 0
-52 -58 0
-53 -59 0
-54 -60 0
-52 -61 0
-53 -62 0
-54 -63 0
-52 -64 0
-53 -65 0
-54 -66 0
-52 -67 0
-53 -68 0
-54 -69 0
-52 -73 0
-53 -74 0
-54 -75 0
-52 -76 0
-53 -77 0
-54 -78 0
-52 -79 0
-53 -80 0
-54 -81 0
-52 -85 0
-53 -86 0
-54 -87 0
-52 -91 0
-53 -92 0
-54 -93 0
-52 -94 0
-53 -95 0
-54 -96 0
-52 -97 0
-53 -98 0
-54 -99 0
-52 -103 0
-53 -104 0
-54 -105 0
-52 -109 0
-53 -110 0
-54 -111 0
-52 -112 0
-53 -113 0
-54 -114 0
-52 -115 0
-53 -116 0
-54 -117 0
-52 -121 0
-53 -122 0
-54 -123 0
-52 -124 0
-53 -125 0
-54 -126 0
-52 -127 0
-53 -128 0
-54 -129 0
-52 -130 0
-53 -131 0
-54 -132 0
-52 -139 0
-53 -140 0
-54 -141 0
-52 -142 0
-53 -143 0
-54 -144 0
-52 -145 0
-53 -146 0
-54 -147 0
-52 -148 0
-53 -149 0
-54 -150 0
-55 -58 0
-56 -59 0
-57 -60 0
-55 -67 0
-56 -68 0
-57 -69 0
-55 -70 0
-56 -71 0
-57 -72 0
-55 -73 0
-56 -74 0
-57 -75 0
-55 -76 0
-56 -77 0
-57 -78 0
-55 -82 0
-56 -83 0
-57 -84 0
-55 -85 0
-56 -86 0
-57 -87 0
-55 -88 0
-56 -89 0
-57 -90 0
-55 -91 0
-56 -92 0
-57 -93 0
-55 -94 0
-56 -95 0
-57 -96 0
-55 -97 0
-56 -98 0
-57 -99 0
-55 -100 0
-56 -101 0
-57 -102 0
-55 -103 0
-56 -104 0
-57 -105 0
-55 -106 0
-56 -107 0
-57 -108 0
-55 -109 0
-56 -110 0
-57 -111 0
-55 -112 0
-56 -113 0
-57 -114 0
-55 -118 0
-56 -119 0
-57 -120 0
-55 -124 0
-56 -125 0
-57 -126 0
-55 -127 0
-56 -128 0
-57 -129 0
-55 -130 0
-56 -131 0
-57 -132 0
-55 -133 0
-56 -134 0
-57 -135 0
-55 -136 0
-56 -137 0
-57 -138 0
-55 -139 0
-56 -140 0
-57 -141 0
-55 -142 0
-56 -143 0
-57 -144 0
-55 -145 0
-56 -146 0
-57 -147 0
-58 -61 0
-59 -62 0
-60 -63 0
-58 -64 0
-59 -65 0
-60 -66 0
-58 -67 0
-59 -68 0
-60 -69 0
-58 -70 0
-59 -71 0
-60 -72 0
-58 -73 0
-59 -74 0
-60 -75 0
-58 -76 0
-59 -77 0
-60 -78 0
-58 -82 0
-59 -83 0
-60 -84 0
-58 -85 0
-59 -86 0
-60 -87 0
-58 -88 0
-59 -89 0
-60 -90 0
-58 -91 0
-59 -92 0
-60 -93 0
-58 -94 0
-59 -95 0
-60 -96 0
-58 -100 0
-59 -101 0
-60 -102 0
-58 -106 0
-59 -107 0
-60 -108 0
-58 -109 0
-59 -110 0
-60 -111 0
-58 -112 0
-59 -113 0
-60 -114 0
-58 -115 0
-59 -116 0
-60 -117 0
-58 -118 0
-59 -119 0
-60 -120 0
-58 -121 0
-59 -122 0
-60 -123 0
-58 -124 0
-59 -125 0
-60 -126 0
-58 -127 0
-59 -128 0
-60 -129 0
-58 -133 0
-59 -134 0
-60 -135 0
-58 -136 0
-59 -137 0
-60 -138 0
-58 -142 0
-59 -143 0
-60 -144 0
-58 -145 0
-59 -146 0
-60 -147 0
-58 -148 0
-59 -149 0
-60 -150 0
-61 -64 0
-62 -65 0
-63 -66 0
-61 -67 0
-62 -68 0
-63 -69 0
-61 -79 0
-62 -80 0
-63 -81 0
-61 -82 0
-62 -83 0
-63 -84 0
-61 -88 0
-62 -89 0
-63 -90 0
-61 -91 0
-62 -92 0
-63 -93 0
-61 -94 0
-62 -95 0
-63 -96 0
-61 -97 0
-62 -98 0
-63 -99 0
-61 -109 0
-62 -110 0
-63 -111 0
-61 -112 0
-62 -113 0
-63 -114 0
-61 -115 0
-62 -116 0
-63 -117 0
-61 -121 0
-62 -122 0
-63 -123 0
-61 -127 0
-62 -128 0
-63 -129 0
-61 -130 0
-62 -131 0
-63 -132 0
-61 -133 0
-62 -134 0
-63 -135 0
-61 -136 0
-62 -137 0
-63 -138 0
-61 -139 0
-62 -140 0
-63 -141 0
-61 -145 0
-62 -146 0
-63 -147 0
-64 -70 0
-65 -71 0
-66 -72 0
-64 -73 0
-65 -74 0
-66 -75 0
-64 -76 0
-65 -77 0
-66 -78 0
-64 -82 0
-65 -83 0
-66 -84 0
-64 -85 0
-65 -86 0
-66 -87 0
-64 -88 0
-65 -89 0
-66 -90 0
-64 -91 0
-65 -92 0
-66 -93 0
-64 -97 0
-65 -98 0
-66 -99 0
-64 -100 0
-65 -101 0
-66 -102 0
-64 -106 0
-65 -107 0
-66 -108 0
-64 -109 0
-65 -110 0
-66 -111 0
-64 -112 0
-65 -113 0
-66 -114 0
-64 -115 0
-65 -116 0
-66 -117 0
-64 -118 0
-65 -119 0
-66 -120 0
-64 -121 0
-65 -122 0
-66 -123 0
-64 -124 0
-65 -125 0
-66 -126 0
-64 -130 0
-65 -131 0
-66 -132 0
-64 -133 0
-65 -134 0
-66 -135 0
-64 -136 0
-65 -137 0
-66 -138 0
-64 -139 0
-65 -140 0
-66 -141 0
-64 -142 0
-65 -143 0
-66 -144 0
-64 -145 0
-65 -146 0
-66 -147 0
-64 -148 0
-65 -149 0
-66 -150 0
-67 -70 0
-68 -71 0
-69 -72 0
-67 -73 0
-68 -74 0
-69 -75 0
-67 -76 0
-68 -77 0
-69 -78 0
-67 -79 0
-68 -80 0
-69 -81 0
-67 -82 0
-68 -83 0
-69 -84 0
-67 -91 0
-68 -92 0
-69 -93 0
-67 -94 0
-68 -95 0
-69 -96 0
-67 -97 0
-68 -98 0
-69 -99 0
-67 -100 0
-68 -101 0
-69 -102 0
-67 -106 0
-68 -107 0
-69 -108 0
-67 -109 0
-68 -110 0
-69 -111 0
-67 -112 0
-68 -113 0
-69 -114 0
-67 -115 0
-68 -116 0
-69 -117 0
-67 -118 0
-68 -119 0
-69 -120 0
-67 -121 0
-68 -122 0
-69 -123 0
-67 -124 0
-68 -125 0
-69 -126 0
-67 -127 0
-68 -128 0
-69 -129 0
-67 -130 0
-68 -131 0
-69 -132 0
-67 -136 0
-68 -137 0
-69 -138 0
-67 -139 0
-68 -140 0
-69 -141 0
-67 -142 0
-68 -143 0
-69 -144 0
-67 -145 0
-68 -146 0
-69 -147 0
-70 -73 0
-71 -74 0
-72 -75 0
-70 -76 0
-71 -77 0
-72 -78 0
-70 -88 0
-71 -89 0
-72 -90 0
-70 -94 0
-71 -95 0
-72 -96 0
-70 -97 0
-71 -98 0
-72 -99 0
-70 -100 0
-71 -101 0
-72 -102 0
-70 -106 0
-71 -107 0
-72 -108 0
-70 -109 0
-71 -110 0
-72 -111 0
-70 -112 0
-71 -113 0
-72 -114 0
-70 -115 0
-71 -116 0
-72 -117 0
-70 -124 0
-71 -125 0
-72 -126 0
-70 -127 0
-71 -128 0
-72 -129 0
-70 -130 0
-71 -131 0
-72 -132 0
-70 -133 0
-71 -134 0
-72 -135 0
-70 -139 0
-71 -140 0
-72 -141 0
-70 -142 0
-71 -143 0
-72 -144 0
-70 -145 0
-71 -146 0
-72 -147 0
-70 -148 0
-71 -149 0
-72 -150 0
-73 -79 0
-74 -80 0
-75 -81 0
-73 -82 0
-74 -83 0
-75 -84 0
-73 -85 0
-74 -86 0
-75 -87 0
-73 -88 0
-74 -89 0
-75 -90 0
-73 -94 0
-74 -95 0
-75 -96 0
-73 -97 0
-74 -98 0
-75 -99 0
-73 -106 0
-74 -107 0
-75 -108 0
-73 -109 0
-74 -110 0
-75 -111 0
-73 -112 0
-74 -113 0
-75 -114 0
-73 -115 0
-74 -116 0
-75 -117 0
-73 -121 0
-74 -122 0
-75 -123 0
-73 -124 0
-74 -125 0
-75 -126 0
-73 -127 0
-74 -128 0
-75 -129 0
-73 -130 0
-74 -131 0
-75 -132 0
-73 -133 0
-74 -134 0
-75 -135 0
-73 -139 0
-74 -140 0
-75 -141 0
-73 -142 0
-74 -143 0
-75 -144 0
-73 -145 0
-74 -146 0
-75 -147 0
-73 -148 0
-74 -149 0
-75 -150 0
-76 -79 0
-77 -80 0
-78 -81 0
-76 -82 0
-77 -83 0
-78 -84 0
-76 -85 0
-77 -86 0
-78 -87 0
-76 -94 0
-77 -95 0
-78 -96 0
-76 -97 0
-77 -98 0
-78 -99 0
-76 -100 0
-77 -101 0
-78 -102 0
-76 -103 0
-77 -104 0
-78 -105 0
-76 -112 0
-77 -113 0
-78 -114 0
-76 -124 0
-77 -125 0
-78 -126 0
-76 -130 0
-77 -131 0
-78 -132 0
-76 -133 0
-77 -134 0
-78 -135 0
-76 -139 0
-77 -140 0
-78 -141 0
-76 -142 0
-77 -143 0
-78 -144 0
-76 -145 0
-77 -146 0
-78 -147 0
-76 -148 0
-77 -149 0
-78 -150 0
-79 -82 0
-80 -83 0
-81 -84 0
-79 -91 0
-80 -92 0
-81 -93 0
-79 -97 0
-80 -98 0
-81 -99 0
-79 -103 0
-80 -104 0
-81 -105 0
-79 -106 0
-80 -107 0
-81 -108 0
-79 -109 0
-80 -110 0
-81 -111 0
-79 -112 0
-80 -113 0
-81 -114 0
-79 -115 0
-80 -116 0
-81 -117 0
-79 -121 0
-80 -122 0
-81 -123 0
-79 -124 0
-80 -125 0
-81 -126 0
-79 -127 0
-80 -128 0
-81 -129 0
-79 -130 0
-80 -131 0
-81 -132 0
-79 -133 0
-80 -134 0
-81 -135 0
-79 -136 0
-80 -137 0
-81 -138 0
-79 -139 0
-80 -140 0
-81 -141 0
-79 -142 0
-80 -143 0
-81 -144 0
-79 -148 0
-80 -149 0
-81 -150 0
-82 -85 0
-83 -86 0
-84 -87 0
-82 -94 0
-83 -95 0
-84 -96 0
-82 -97 0
-83 -98 0
-84 -99 0
-82 -100 0
-83 -101 0
-84 -102 0
-82 -106 0
-83 -107 0
-84 -108 0
-82 -109 0
-83 -110 0
-84 -111 0
-82 -112 0
-83 -113 0
-84 -114 0
-82 -115 0
-83 -116 0
-84 -117 0
-82 -118 0
-83 -119 0
-84 -120 0
-82 -121 0
-83 -122 0
-84 -123 0
-82 -124 0
-83 -125 0
-84 -126 0
-82 -127 0
-83 -128 0
-84 -129 0
-82 -133 0
-83 -134 0
-84 -135 0
-82 -136 0
-83 -137 0
-84 -138 0
-82 -139 0
-83 -140 0
-84 -141 0
-82 -142 0
-83 -143 0
-84 -144 0
-82 -145 0
-83 -146 0
-84 -147 0
-85 -91 0
-86 -92 0
-87 -93 0
-85 -97 0
-86 -98 0
-87 -99 0
-85 -100 0
-86 -101 0
-87 -102 0
-85 -103 0
-86 -104 0
-87 -105 0
-85 -106 0
-86 -107 0
-87 -108 0
-85 -112 0
-86 -113 0
-87 -114 0
-85 -115 0
-86 -116 0
-87 -117 0
-85 -118 0
-86 -119 0
-87 -120 0
-85 -124 0
-86 -125 0
-87 -126 0
-85 -127 0
-86 -128 0
-87 -129 0
-85 -133 0
-86 -134 0
-87 -135 0
-85 -136 0
-86 -137 0
-87 -138 0
-85 -139 0
-86 -140 0
-87 -141 0
-85 -145 0
-86 -146 0
-87 -147 0
-88 -91 0
-89 -92 0
-90 -93 0
-88 -94 0
-89 -95 0
-90 -96 0
-88 -100 0
-89 -101 0
-90 -102 0
-88 -103 0
-89 -104 0
-90 -105 0
-88 -106 0
-89 -107 0
-90 -108 0
-88 -109 0
-89 -110 0
-90 -111 0
-88 -112 0
-89 -113 0
-90 -114 0
-88 -118 0
-89 -119 0
-90 -120 0
-88 -121 0
-89 -122 0
-90 -123 0
-88 -124 0
-89 -125 0
-90 -126 0
-88 -127 0
-89 -128 0
-90 -129 0
-88 -130 0
-89 -131 0
-90 -132 0
-88 -136 0
-89 -137 0
-90 -138 0
-88 -139 0
-89 -140 0
-90 -141 0
-88 -142 0
-89 -143 0
-90 -144 0
-88 -145 0
-89 -146 0
-90 -147 0
-88 -148 0
-89 -149 0
-90 -150 0
-91 -94 0
-92 -95 0
-93 -96 0
-91 -97 0
-92 -98 0
-93 -99 0
-91 -106 0
-92 -107 0
-93 -108 0
-91 -109 0
-92 -110 0
-93 -111 0
-91 -112 0
-92 -113 0
-93 -114 0
-91 -115 0
-92 -116 0
-93 -117 0
-91 -121 0
-92 -122 0
-93 -123 0
-91 -124 0
-92 -125 0
-93 -126 0
-91 -127 0
-92 -128 0
-93 -129 0
-91 -133 0
-92 -134 0
-93 -135 0
-91 -136 0
-92 -137 0
-93 -138 0
-91 -139 0
-92 -140 0
-93 -141 0
-91 -142 0
-92 -143 0
-93 -144 0
-91 -148 0
-92 -149 0
-93 -150 0
-94 -97 0
-95 -98 0
-96 -99 0
-94 -100 0
-95 -101 0
-96 -102 0
-94 -103 0
-95 -104 0
-96 -105 0
-94 -109 0
-95 -110 0
-96 -111 0
-94 -112 0
-95 -113 0
-96 -114 0
-94 -118 0
-95 -119 0
-96 -120 0
-94 -121 0
-95 -122 0
-96 -123 0
-94 -124 0
-95 -125 0
-96 -126 0
-94 -130 0
-95 -131 0
-96 -132 0
-94 -133 0
-95 -134 0
-96 -135 0
-94 -136 0
-95 -137 0
-96 -138 0
-94 -139 0
-95 -140 0
-96 -141 0
-94 -142 0
-95 -143 0
-96 -144 0
-94 -148 0
-95 -149 0
-96 -150 0
-97 -106 0
-98 -107 0
-99 -108 0
-97 -112 0
-98 -113 0
-99 -114 0
-97 -115 0
-98 -116 0
-99 -117 0
-97 -121 0
-98 -122 0
-99 -123 0
-97 -124 0
-98 -125 0
-99 -126 0
-97 -127 0
-98 -128 0
-99 -129 0
-97 -130 0
-98 -131 0
-99 -132 0
-97 -133 0
-98 -134 0
-99 -135 0
-97 -136 0
-98 -137 0
-99 -138 0
-97 -139 0
-98 -140 0
-99 -141 0
-97 -145 0
-98 -146 0
-99 -147 0
-97 -148 0
-98 -149 0
-99 -150 0
-100 -103 0
-101 -104 0
-102 -105 0
-100 -106 0
-101 -107 0
-102 -108 0
-100 -109 0
-101 -110 0
-102 -111 0
-100 -112 0
-101 -113 0
-102 -114 0
-100 -115 0
-101 -116 0
-102 -117 0
-100 -118 0
-101 -119 0
-102 -120 0
-100 -121 0
-101 -122 0
-102 -123 0
-100 -127 0
-101 -128 0
-102 -129 0
-100 -136 0
-101 -137 0
-102 -138 0
-100 -139 0
-101 -140 0
-102 -141 0
-100 -142 0
-101 -143 0
-102 -144 0
-100 -145 0
-101 -146 0
-102 -147 0
-100 -148 0
-101 -149 0
-102 -150 0
-103 -106 0
-104 -107 0
-105 -108 0
-103 -109 0
-104 -110 0
-105 -111 0
-103 -115 0
-104 -116 0
-105 -117 0
-103 -118 0
-104 -119 0
-105 -120 0
-103 -121 0
-104 -122 0
-105 -123 0
-103 -124 0
-104 -125 0
-105 -126 0
-103 -127 0
-104 -128 0
-105 -129 0
-103 -130 0
-104 -131 0
-105 -132 0
-103 -133 0
-104 -134 0
-105 -135 0
-103 -136 0
-104 -137 0
-105 -138 0
-103 -139 0
-104 -140 0
-105 -141 0
-103 -142 0
-104 -143 0
-105 -144 0
-103 -148 0
-104 -149 0
-105 -150 0
-106 -109 0
-107 -110 0
-108 -111 0
-106 -115 0
-107 -116 0
-108 -117 0
-106 -118 0
-107 -119 0
-108 -120 0
-106 -121 0
-107 -122 0
-108 -123 0
-106 -124 0
-107 -125 0
-108 -126 0
-106 -130 0
-107 -131 0
-108 -132 0
-106 -133 0
-107 -134 0
-108 -135 0
-106 -139 0
-107 -140 0
-108 -141 0
-106 -142 0
-107 -143 0
-108 -144 0
-106 -145 0
-107 -146 0
-108 -147 0
-109 -112 0
-110 -113 0
-111 -114 0
-109 -115 0
-110 -116 0
-111 -117 0
-109 -121 0
-110 -122 0
-111 -123 0
-109 -124 0
-110 -125 0
-111 -126 0
-109 -127 0
-110 -128 0
-111 -129 0
-109 -136 0
-110 -137 0
-111 -138 0
-109 -139 0
-110 -140 0
-111 -141 0
-109 -142 0
-110 -143 0
-111 -144 0
-109 -145 0
-110 -146 0
-111 -147 0
-109 -148 0
-110 -149 0
-111 -150 0
-112 -115 0
-113 -116 0
-114 -117 0
-112 -121 0
-113 -122 0
-114 -123 0
-112 -124 0
-113 -125 0
-114 -126 0
-112 -127 0
-113 -128 0
-114 -129 0
-112 -133 0
-113 -134 0
-114 -135 0
-112 -136 0
-113 -137 0
-114 -138 0
-112 -139 0
-113 -140 0
-114 -141 0
-112 -142 0
-113 -143 0
-114 -144 0
-112 -145 0
-113 -146 0
-114 -147 0
-112 -148 0
-113 -149 0
-114 -150 0
-115 -118 0
-116 -119 0
-117 -120 0
-115 -121 0
-116 -122 0
-117 -123 0
-115 -124 0
-116 -125 0
-117 -126 0
-115 -130 0
-116 -131 0
-117 -132 0
-115 -133 0
-116 -134 0
-117 -135 0
-115 -136 0
-116 -137 0
-117 -138 0
-115 -139 0
-116 -140 0
-117 -141 0
-115 -142 0
-116 -143 0
-117 -144 0
-115 -145 0
-116 -146 0
-117 -147 0
-115 -148 0
-116 -149 0
-117 -150 0
-118 -124 0
-119 -125 0
-120 -126 0
-118 -127 0
-119 -128 0
-120 -129 0
-118 -130 0
-119 -131 0
-120 -132 0
-118 -133 0
-119 -134 0
-120 -135 0
-118 -136 0
-119 -137 0
-120 -138 0
-118 -139 0
-119 -140 0
-120 -141 0
-118 -142 0
-119 -143 0
-120 -144 0
-118 -145 0
-119 -146 0
-120 -147 0
-118 -148 0
-119 -149 0
-120 -150 0
-121 -124 0
-122 -125 0
-123 -126 0
-121 -130 0
-122 -131 0
-123 -132 0
-121 -133 0
-122 -134 0
-123 -135 0
-121 -139 0
-122 -140 0
-123 -141 0
-121 -142 0
-122 -143 0
-123 -144 0
-121 -145 0
-122 -146 0
-123 -147 0
-124 -127 0
-125 -128 0
-126 -129 0
-124 -130 0
-125 -131 0
-126 -132 0
-124 -133 0
-125 -134 0
-126 -135 0
-124 -136 0
-125 -137 0
-126 -138 0
-124 -145 0
-125 -146 0
-126 -147 0
-124 -148 0
-125 -149 0
-126 -150 0
-127 -130 0
-128 -131 0
-129 -132 0
-127 -133 0
-128 -134 0
-129 -135 0
-127 -136 0
-128 -137 0
-129 -138 0
-127 -139 0
-128 -140 0
-129 -141 0
-127 -142 0
-128 -143 0
-129 -144 0
-127 -148 0
-128 -149 0
-129 -150 0
-130 -133 0
-131 -134 0
-132 -135 0
-130 -136 0
-131 -137 0
-132 -138 0
-130 -145 0
-131 -146 0
-132 -147 0
-130 -148 0
-131 -149 0
-132 -150 0
-133 -145 0
-134 -146 0
-135 -147 0
-133 -148 0
-134 -149 0
-135 -150 0
-136 -139 0
-137 -140 0
-138 -141 0
-136 -142 0
-137 -143 0
-138 -144 0
-136 -145 0
-137 -146 0
-138 -147 0
-136 -148 0
-137 -149 0
-138 -150 0
-139 -142 0
-140 -143 0
-141 -144 0
-139 -145 0
-140 -146 0
-141 -147 0
-139 -148 0
-140 -149 0
-141 -150 0
-142 -145 0
-143 -146 0
-144 -147 0
-142 -148 0
-143 -149 0
-144 -150 0
-145 -148 0
-146 -149 0
-147 -150 0
