p cnf 200 3698
1 2 3 4 0
5 6 7 8 0
9 10 11 12 0
13 14 15 16 0
17 18 19 20 0
21 22 23 24 0
25 26 27 28 0
29 30 31 32 0
33 34 35 36 0
37 38 39 40 0
41 42 43 44 0
45 46 47 48 0
49 50 51 52 0
53 54 55 56 0
57 58 59 60 0
61 62 63 64 0
65 66 67 68 0
69 70 71 72 0
73 74 75 76 0
77 78 79 80 0
81 82 83 84 0
85 86 87 88 0
89 90 91 92 0
93 94 95 96 0
97 98 99 100 0
101 102 103 104 0
105 106 107 108 0
109 110 111 112 0
113 114 115 116 0
117 118 119 120 0
121 122 123 124 0
125 126 127 128 0
129 130 131 132 0
133 134 135 136 0
137 138 139 140 0
141 142 143 144 0
145 146 147 148 0
149 150 151 152 0
153 154 155 156 0
157 158 159 160 0
161 162 163 164 0
165 166 167 168 0
169 170 171 172 0
173 174 175 176 0
177 178 179 180 0
181 182 183 184 0
185 186 187 188 0
189 190 191 192 0
193 194 195 196 0
197 198 199 200 0
-1 -5 0
-2 -6 0
-3 -7 0
-4 -8 0
-1 -9 0
-2 -10 0
-3 -11 0
-4 -12 0
-1 -13 0
-2 -14 0
-3 -15 0
-4 -16 0
-1 -17 0
-2 -18 0
-3 -19 0
-4 -20 0
-1 -37 0
-2 -38 0
-3 -39 0
-4 -40 0
-1 -41 0
-2 -42 0
-3 -43 0
-4 -44 0
-1 -45 0
-2 -46 0
-3 -47 0
-4 -48 0
-1 -53 0
-2 -54 0
-3 -55 0
-4 -56 0
-1 -57 0
-2 -58 0
-3 -59 0
-4 -60 0
-1 -61 0
-2 -62 0
-3 -63 0
-4 -64 0
-1 -65 0
-2 -66 0
-3 -67 0
-4 -68 0
-1 -69 0
-2 -70 0
-3 -71 0
-4 -72 0
-1 -73 0
-2 -74 0
-3 -75 0
-4 -76 0
-1 -77 0
-2 -78 0
-3 -79 0
-4 -80 0
-1 -81 0
-2 -82 0
-3 -83 0
-4 -84 0
-1 -85 0
-2 -86 0
-3 -87 0
-4 -88 0
-1 -89 0
-2 -90 0
-3 -91 0
-4 -92 0
-1 -101 0
-2 -102 0
-3 -103 0
-4 -104 0
-1 -113 0
-2 -114 0
-3 -115 0
-4 -116 0
-1 -117 0
-2 -118 0
-3 -119 0
-4 -120 0
-1 -121 0
-2 -122 0
-3 -123 0
-4 -124 0
-1 -129 0
-2 -130 0
-3 -131 0
-4 -132 0
-1 -133 0
-2 -134 0
-3 -135 0
-4 -136 0
-1 -141 0
-2 -142 0
-3 -143 0
-4 -144 0
-1 -145 0
-2 -146 0
-3 -147 0
-4 -148 0
-1 -149 0
-2 -150 0
-3 -151 0
-4 -152 0
-1 -153 0
-2 -154 0
-3 -155 0
-4 -156 0
-1 -157 0
-2 -158 0
-3 -159 0
-4 -160 0
-1 -161 0
-2 -162 0
-3 -163 0
-4 -164 0
-1 -165 0
-2 -166 0
-3 -167 0
-4 -168 0
-1 -169 0
-2 -170 0
-3 -171 0
-4 -172 0
-1 -177 0
-2 -178 0
-3 -179 0
-4 -180 0
-1 -181 0
-2 -182 0
-3 -183 0
-4 -184 0
-1 -185 0
-2 -186 0
-3 -187 0
-4 -188 0
-1 -189 0
-2 -190 0
-3 -191 0
-4 -192 0
-1 -193 0
-2 -194 0
-3 -195 0
-4 -196 0
-1 -197 0
-2 -198 0
-3 -199 0
-4 -200 0
-5 -9 0
-6 -10 0
-7 -11 0
-8 -12 0
-5 -13 0
-6 -14 0
-7 -15 0
-8 -16 0
-5 -21 0
-6 -22 0
-7 -23 0
-8 -24 0
-5 -29 0
-6 -30 0
-7 -31 0
-8 -32 0
-5 -37 0
-6 -38 0
-7 -39 0
-8 -40 0
-5 -41 0
-6 -42 0
-7 -43 0
-8 -44 0
-5 -45 0
-6 -46 0
-7 -47 0
-8 -48 0
-5 -57 0
-6 -58 0
-7 -59 0
-8 -60 0
-5 -61 0
-6 -62 0
-7 -63 0
-8 -64 0
-5 -65 0
-6 -66 0
-7 -67 0
-8 -68 0
-5 -73 0
-6 -74 0
-7 -75 0
-8 -76 0
-5 -77 0
-6 -78 0
-7 -79 0
-8 -80 0
-5 -81 0
-6 -82 0
-7 -83 0
-8 -84 0
-5 -85 0
-6 -86 0
-7 -87 0
-8 -88 0
-5 -93 0
-6 -94 0
-7 -95 0
-8 -96 0
-5 -97 0
-6 -98 0
-7 -99 0
-8 -100 0
-5 -101 0
-6 -102 0
-7 -103 0
-8 -104 0
-5 -105 0
-6 -106 0
-7 -107 0
-8 -108 0
-5 -109 0
-6 -110 0
-7 -111 0
-8 -112 0
-5 -113 0
-6 -114 0
-7 -115 0
-8 -116 0
-5 -117 0
-6 -118 0
-7 -119 0
-8 -120 0
-5 -121 0
-6 -122 0
-7 -123 0
-8 -124 0
-5 -129 0
-6 -130 0
-7 -131 0
-8 -132 0
-5 -133 0
-6 -134 0
-7 -135 0
-8 -136 0
-5 -141 0
-6 -142 0
-7 -143 0
-8 -144 0
-5 -145 0
-6 -146 0
-7 -147 0
-8 -148 0
-5 -149 0
-6 -150 0
-7 -151 0
-8 -152 0
-5 -161 0
-6 -162 0
-7 -163 0
-8 -164 0
-5 -165 0
-6 -166 0
-7 -167 0
-8 -168 0
-5 -169 0
-6 -170 0
-7 -171 0
-8 -172 0
-5 -173 0
-6 -174 0
-7 -175 0
-8 -176 0
-5 -181 0
-6 -182 0
-7 -183 0
-8 -184 0
-5 -185 0
-6 -186 0
-7 -187 0
-8 -188 0
-5 -189 0
-6 -190 0
-7 -191 0
-8 -192 0
-5 -193 0
-6 -194 0
-7 -195 0
-8 -196 0
-9 -13 0
-10 -14 0
-11 -15 0
-12 -16 0
-9 -17 0
-10 -18 0
-11 -19 0
-12 -20 0
-9 -21 0
-10 -22 0
-11 -23 0
-12 -24 0
-9 -25 0
-10 -26 0
-11 -27 0
-12 -28 0
-9 -29 0
-10 -30 0
-11 -31 0
-12 -32 0
-9 -33 0
-10 -34 0
-11 -35 0
-12 -36 0
-9 -37 0
-10 -38 0
-11 -39 0
-12 -40 0
-9 -41 0
-10 -42 0
-11 -43 0
-12 -44 0
-9 -45 0
-10 -46 0
-11 -47 0
-12 -48 0
-9 -49 0
-10 -50 0
-11 -51 0
-12 -52 0
-9 -53 0
-10 -54 0
-11 -55 0
-12 -56 0
-9 -57 0
-10 -58 0
-11 -59 0
-12 -60 0
-9 -61 0
-10 -62 0
-11 -63 0
-12 -64 0
-9 -69 0
-10 -70 0
-11 -71 0
-12 -72 0
-9 -73 0
-10 -74 0
-11 -75 0
-12 -76 0
-9 -81 0
-10 -82 0
-11 -83 0
-12 -84 0
-9 -85 0
-10 -86 0
-11 -87 0
-12 -88 0
-9 -93 0
-10 -94 0
-11 -95 0
-12 -96 0
-9 -101 0
-10 -102 0
-11 -103 0
-12 -104 0
-9 -105 0
-10 -106 0
-11 -107 0
-12 -108 0
-9 -109 0
-10 -110 0
-11 -111 0
-12 -112 0
-9 -117 0
-10 -118 0
-11 -119 0
-12 -120 0
-9 -121 0
-10 -122 0
-11 -123 0
-12 -124 0
-9 -125 0
-10 -126 0
-11 -127 0
-12 -128 0
-9 -129 0
-10 -130 0
-11 -131 0
-12 -132 0
-9 -133 0
-10 -134 0
-11 -135 0
-12 -136 0
-9 -141 0
-10 -142 0
-11 -143 0
-12 -144 0
-9 -145 0
-10 -146 0
-11 -147 0
-12 -148 0
-9 -149 0
-10 -150 0
-11 -151 0
-12 -152 0
-9 -165 0
-10 -166 0
-11 -167 0
-12 -168 0
-9 -169 0
-10 -170 0
-11 -171 0
-12 -172 0
-9 -173 0
-10 -174 0
-11 -175 0
-12 -176 0
-9 -181 0
-10 -182 0
-11 -183 0
-12 -184 0
-9 -185 0
-10 -186 0
-11 -187 0
-12 -188 0
-9 -189 0
-10 -190 0
-11 -191 0
-12 -192 0
-9 -193 0
-10 -194 0
-11 -195 0
-12 -196 0
-13 -17 0
-14 -18 0
-15 -19 0
-16 -20 0
-13 -21 0
-14 -22 0
-15 -23 0
-16 -24 0
-13 -29 0
-14 -30 0
-15 -31 0
-16 -32 0
-13 -33 0
-14 -34 0
-15 -35 0
-16 -36 0
-13 -37 0
-14 -38 0
-15 -39 0
-16 -40 0
-13 -41 0
-14 -42 0
-15 -43 0
-16 -44 0
-13 -53 0
-14 -54 0
-15 -55 0
-16 -56 0
-13 -57 0
-14 -58 0
-15 -59 0
-16 -60 0
-13 -65 0
-14 -66 0
-15 -67 0
-16 -68 0
-13 -69 0
-14 -70 0
-15 -71 0
-16 -72 0
-13 -77 0
-14 -78 0
-15 -79 0
-16 -80 0
-13 -81 0
-14 -82 0
-15 -83 0
-16 -84 0
-13 -85 0
-14 -86 0
-15 -87 0
-16 -88 0
-13 -89 0
-14 -90 0
-15 -91 0
-16 -92 0
-13 -93 0
-14 -94 0
-15 -95 0
-16 -96 0
-13 -101 0
-14 -102 0
-15 -103 0
-16 -104 0
-13 -105 0
-14 -106 0
-15 -107 0
-16 -108 0
-13 -109 0
-14 -110 0
-15 -111 0
-16 -112 0
-13 -113 0
-14 -114 0
-15 -115 0
-16 -116 0
-13 -117 0
-14 -118 0
-15 -119 0
-16 -120 0
-13 -121 0
-14 -122 0
-15 -123 0
-16 -124 0
-13 -137 0
-14 -138 0
-15 -139 0
-16 -140 0
-13 -141 0
-14 -142 0
-15 -143 0
-16 -144 0
-13 -153 0
-14 -154 0
-15 -155 0
-16 -156 0
-13 -161 0
-14 -162 0
-15 -163 0
-16 -164 0
-13 -165 0
-14 -166 0
-15 -167 0
-16 -168 0
-13 -169 0
-14 -170 0
-15 -171 0
-16 -172 0
-13 -173 0
-14 -174 0
-15 -175 0
-16 -176 0
-13 -177 0
-14 -178 0
-15 -179 0
-16 -180 0
-13 -181 0
-14 -182 0
-15 -183 0
-16 -184 0
-13 -185 0
-14 -186 0
-15 -187 0
-16 -188 0
-13 -193 0
-14 -194 0
-15 -195 0
-16 -196 0
-13 -197 0
-14 -198 0
-15 -199 0
-16 -200 0
-17 -21 0
-18 -22 0
-19 -23 0
-20 -24 0
-17 -25 0
-18 -26 0
-19 -27 0
-20 -28 0
-17 -29 0
-18 -30 0
-19 -31 0
-20 -32 0
-17 -33 0
-18 -34 0
-19 -35 0
-20 -36 0
-17 -37 0
-18 -38 0
-19 -39 0
-20 -40 0
-17 -41 0
-18 -42 0
-19 -43 0
-20 -44 0
-17 -45 0
-18 -46 0
-19 -47 0
-20 -48 0
-17 -49 0
-18 -50 0
-19 -51 0
-20 -52 0
-17 -57 0
-18 -58 0
-19 -59 0
-20 -60 0
-17 -61 0
-18 -62 0
-19 -63 0
-20 -64 0
-17 -69 0
-18 -70 0
-19 -71 0
-20 -72 0
-17 -77 0
-18 -78 0
-19 -79 0
-20 -80 0
-17 -81 0
-18 -82 0
-19 -83 0
-20 -84 0
-17 -85 0
-18 -86 0
-19 -87 0
-20 -88 0
-17 -97 0
-18 -98 0
-19 -99 0
-20 -100 0
-17 -101 0
-18 -102 0
-19 -103 0
-20 -104 0
-17 -105 0
-18 -106 0
-19 -107 0
-20 -108 0
-17 -113 0
-18 -114 0
-19 -115 0
-20 -116 0
-17 -121 0
-18 -122 0
-19 -123 0
-20 -124 0
-17 -129 0
-18 -130 0
-19 -131 0
-20 -132 0
-17 -133 0
-18 -134 0
-19 -135 0
-20 -136 0
-17 -141 0
-18 -142 0
-19 -143 0
-20 -144 0
-17 -145 0
-18 -146 0
-19 -147 0
-20 -148 0
-17 -153 0
-18 -154 0
-19 -155 0
-20 -156 0
-17 -161 0
-18 -162 0
-19 -163 0
-20 -164 0
-17 -165 0
-18 -166 0
-19 -167 0
-20 -168 0
-17 -169 0
-18 -170 0
-19 -171 0
-20 -172 0
-17 -173 0
-18 -174 0
-19 -175 0
-20 -176 0
-17 -177 0
-18 -178 0
-19 -179 0
-20 -180 0
-17 -181 0
-18 -182 0
-19 -183 0
-20 -184 0
-17 -185 0
-18 -186 0
-19 -187 0
-20 -188 0
-17 -189 0
-18 -190 0
-19 -191 0
-20 -192 0
-17 -193 0
-18 -194 0
-19 -195 0
-20 -196 0
-17 -197 0
-18 -198 0
-19 -199 0
-20 -200 0
-21 -25 0
-22 -26 0
-23 -27 0
-24 -28 0
-21 -37 0
-22 -38 0
-23 -39 0
-24 -40 0
-21 -45 0
-22 -46 0
-23 -47 0
-24 -48 0
-21 -49 0
-22 -50 0
-23 -51 0
-24 -52 0
-21 -53 0
-22 -54 0
-23 -55 0
-24 -56 0
-21 -61 0
-22 -62 0
-23 -63 0
-24 -64 0
-21 -69 0
-22 -70 0
-23 -71 0
-24 -72 0
-21 -73 0
-22 -74 0
-23 -75 0
-24 -76 0
-21 -81 0
-22 -82 0
-23 -83 0
-24 -84 0
-21 -89 0
-22 -90 0
-23 -91 0
-24 -92 0
-21 -93 0
-22 -94 0
-23 -95 0
-24 -96 0
-21 -97 0
-22 -98 0
-23 -99 0
-24 -100 0
-21 -101 0
-22 -102 0
-23 -103 0
-24 -104 0
-21 -105 0
-22 -106 0
-23 -107 0
-24 -108 0
-21 -113 0
-22 -114 0
-23 -115 0
-24 -116 0
-21 -125 0
-22 -126 0
-23 -127 0
-24 -128 0
-21 -129 0
-22 -130 0
-23 -131 0
-24 -132 0
-21 -133 0
-22 -134 0
-23 -135 0
-24 -136 0
-21 -145 0
-22 -146 0
-23 -147 0
-24 -148 0
-21 -149 0
-22 -150 0
-23 -151 0
-24 -152 0
-21 -153 0
-22 -154 0
-23 -155 0
-24 -156 0
-21 -157 0
-22 -158 0
-23 -159 0
-24 -160 0
-21 -161 0
-22 -162 0
-23 -163 0
-24 -164 0
-21 -165 0
-22 -166 0
-23 -167 0
-24 -168 0
-21 -169 0
-22 -170 0
-23 -171 0
-24 -172 0
-21 -173 0
-22 -174 0
-23 -175 0
-24 -176 0
-21 -177 0
-22 -178 0
-23 -179 0
-24 -180 0
-21 -185 0
-22 -186 0
-23 -187 0
-24 -188 0
-21 -189 0
-22 -190 0
-23 -191 0
-24 -192 0
-21 -193 0
-22 -194 0
-23 -195 0
-24 -196 0
-21 -197 0
-22 -198 0
-23 -199 0
-24 -200 0
-25 -29 0
-26 -30 0
-27 -31 0
-28 -32 0
-25 -33 0
-26 -34 0
-27 -35 0
-28 -36 0
-25 -37 0
-26 -38 0
-27 -39 0
-28 -40 0
-25 -45 0
-26 -46 0
-27 -47 0
-28 -48 0
-25 -49 0
-26 -50 0
-27 -51 0
-28 -52 0
-25 -61 0
-26 -62 0
-27 -63 0
-28 -64 0
-25 -69 0
-26 -70 0
-27 -71 0
-28 -72 0
-25 -73 0
-26 -74 0
-27 -75 0
-28 -76 0
-25 -77 0
-26 -78 0
-27 -79 0
-28 -80 0
-25 -81 0
-26 -82 0
-27 -83 0
-28 -84 0
-25 -85 0
-26 -86 0
-27 -87 0
-28 -88 0
-25 -93 0
-26 -94 0
-27 -95 0
-28 -96 0
-25 -97 0
-26 -98 0
-27 -99 0
-28 -100 0
-25 -101 0
-26 -102 0
-27 -103 0
-28 -104 0
-25 -113 0
-26 -114 0
-27 -115 0
-28 -116 0
-25 -117 0
-26 -118 0
-27 -119 0
-28 -120 0
-25 -121 0
-26 -122 0
-27 -123 0
-28 -124 0
-25 -125 0
-26 -126 0
-27 -127 0
-28 -128 0
-25 -129 0
-26 -130 0
-27 -131 0
-28 -132 0
-25 -133 0
-26 -134 0
-27 -135 0
-28 -136 0
-25 -145 0
-26 -146 0
-27 -147 0
-28 -148 0
-25 -153 0
-26 -154 0
-27 -155 0
-28 -156 0
-25 -157 0
-26 -158 0
-27 -159 0
-28 -160 0
-25 -161 0
-26 -162 0
-27 -163 0
-28 -164 0
-25 -165 0
-26 -166 0
-27 -167 0
-28 -168 0
-25 -181 0
-26 -182 0
-27 -183 0
-28 -184 0
-25 -185 0
-26 -186 0
-27 -187 0
-28 -188 0
-25 -189 0
-26 -190 0
-27 -191 0
-28 -192 0
-25 -193 0
-26 -194 0
-27 -195 0
-28 -196 0
-25 -197 0
-26 -198 0
-27 -199 0
-28 -200 0
-29 -33 0
-30 -34 0
-31 -35 0
-32 -36 0
-29 -37 0
-30 -38 0
-31 -39 0
-32 -40 0
-29 -45 0
-30 -46 0
-31 -47 0
-32 -48 0
-29 -49 0
-30 -50 0
-31 -51 0
-32 -52 0
-29 -53 0
-30 -54 0
-31 -55 0
-32 -56 0
-29 -57 0
-30 -58 0
-31 -59 0
-32 -60 0
-29 -61 0
-30 -62 0
-31 -63 0
-32 -64 0
-29 -69 0
-30 -70 0
-31 -71 0
-32 -72 0
-29 -73 0
-30 -74 0
-31 -75 0
-32 -76 0
-29 -81 0
-30 -82 0
-31 -83 0
-32 -84 0
-29 -85 0
-30 -86 0
-31 -87 0
-32 -88 0
-29 -89 0
-30 -90 0
-31 -91 0
-32 -92 0
-29 -93 0
-30 -94 0
-31 -95 0
-32 -96 0
-29 -101 0
-30 -102 0
-31 -103 0
-32 -104 0
-29 -105 0
-30 -106 0
-31 -107 0
-32 -108 0
-29 -109 0
-30 -110 0
-31 -111 0
-32 -112 0
-29 -113 0
-30 -114 0
-31 -115 0
-32 -116 0
-29 -121 0
-30 -122 0
-31 -123 0
-32 -124 0
-29 -129 0
-30 -130 0
-31 -131 0
-32 -132 0
-29 -133 0
-30 -134 0
-31 -135 0
-32 -136 0
-29 -137 0
-30 -138 0
-31 -139 0
-32 -140 0
-29 -141 0
-30 -142 0
-31 -143 0
-32 -144 0
-29 -153 0
-30 -154 0
-31 -155 0
-32 -156 0
-29 -157 0
-30 -158 0
-31 -159 0
-32 -160 0
-29 -161 0
-30 -162 0
-31 -163 0
-32 -164 0
-29 -165 0
-30 -166 0
-31 -167 0
-32 -168 0
-29 -173 0
-30 -174 0
-31 -175 0
-32 -176 0
-29 -177 0
-30 -178 0
-31 -179 0
-32 -180 0
-29 -181 0
-30 -182 0
-31 -183 0
-32 -184 0
-29 -185 0
-30 -186 0
-31 -187 0
-32 -188 0
-29 -189 0
-30 -190 0
-31 -191 0
-32 -192 0
-29 -193 0
-30 -194 0
-31 -195 0
-32 -196 0
-29 -197 0
-30 -198 0
-31 -199 0
-32 -200 0
-33 -41 0
-34 -42 0
-35 -43 0
-36 -44 0
-33 -45 0
-34 -46 0
-35 -47 0
-36 -48 0
-33 -49 0
-34 -50 0
-35 -51 0
-36 -52 0
-33 -57 0
-34 -58 0
-35 -59 0
-36 -60 0
-33 -69 0
-34 -70 0
-35 -71 0
-36 -72 0
-33 -73 0
-34 -74 0
-35 -75 0
-36 -76 0
-33 -77 0
-34 -78 0
-35 -79 0
-36 -80 0
-33 -81 0
-34 -82 0
-35 -83 0
-36 -84 0
-33 -85 0
-34 -86 0
-35 -87 0
-36 -88 0
-33 -89 0
-34 -90 0
-35 -91 0
-36 -92 0
-33 -97 0
-34 -98 0
-35 -99 0
-36 -100 0
-33 -105 0
-34 -106 0
-35 -107 0
-36 -108 0
-33 -109 0
-34 -110 0
-35 -111 0
-36 -112 0
-33 -113 0
-34 -114 0
-35 -115 0
-36 -116 0
-33 -117 0
-34 -118 0
-35 -119 0
-36 -120 0
-33 -121 0
-34 -122 0
-35 -123 0
-36 -124 0
-33 -133 0
-34 -134 0
-35 -135 0
-36 -136 0
-33 -141 0
-34 -142 0
-35 -143 0
-36 -144 0
-33 -153 0
-34 -154 0
-35 -155 0
-36 -156 0
-33 -161 0
-34 -162 0
-35 -163 0
-36 -164 0
-33 -165 0
-34 -166 0
-35 -167 0
-36 -168 0
-33 -173 0
-34 -174 0
-35 -175 0
-36 -176 0
-33 -177 0
-34 -178 0
-35 -179 0
-36 -180 0
-33 -181 0
-34 -182 0
-35 -183 0
-36 -184 0
-33 -189 0
-34 -190 0
-35 -191 0
-36 -192 0
-33 -193 0
-34 -194 0
-35 -195 0
-36 -196 0
-33 -197 0
-34 -198 0
-35 -199 0
-36 -200 0
-37 -41 0
-38 -42 0
-39 -43 0
-40 -44 0
-37 -45 0
-38 -46 0
-39 -47 0
-40 -48 0
-37 -49 0
-38 -50 0
-39 -51 0
-40 -52 0
-37 -57 0
-38 -58 0
-39 -59 0
-40 -60 0
-37 -61 0
-38 -62 0
-39 -63 0
-40 -64 0
-37 -65 0
-38 -66 0
-39 -67 0
-40 -68 0
-37 -69 0
-38 -70 0
-39 -71 0
-40 -72 0
-37 -73 0
-38 -74 0
-39 -75 0
-40 -76 0
-37 -77 0
-38 -78 0
-39 -79 0
-40 -80 0
-37 -85 0
-38 -86 0
-39 -87 0
-40 -88 0
-37 -93 0
-38 -94 0
-39 -95 0
-40 -96 0
-37 -97 0
-38 -98 0
-39 -99 0
-40 -100 0
-37 -113 0
-38 -114 0
-39 -115 0
-40 -116 0
-37 -117 0
-38 -118 0
-39 -119 0
-40 -120 0
-37 -125 0
-38 -126 0
-39 -127 0
-40 -128 0
-37 -129 0
-38 -130 0
-39 -131 0
-40 -132 0
-37 -133 0
-38 -134 0
-39 -135 0
-40 -136 0
-37 -137 0
-38 -138 0
-39 -139 0
-40 -140 0
-37 -141 0
-38 -142 0
-39 -143 0
-40 -144 0
-37 -153 0
-38 -154 0
-39 -155 0
-40 -156 0
-37 -157 0
-38 -158 0
-39 -159 0
-40 -160 0
-37 -165 0
-38 -166 0
-39 -167 0
-40 -168 0
-37 -173 0
-38 -174 0
-39 -175 0
-40 -176 0
-37 -177 0
-38 -178 0
-39 -179 0
-40 -180 0
-37 -185 0
-38 -186 0
-39 -187 0
-40 -188 0
-37 -189 0
-38 -190 0
-39 -191 0
-40 -192 0
-37 -193 0
-38 -194 0
-39 -195 0
-40 -196 0
-37 -197 0
-38 -198 0
-39 -199 0
-40 -200 0
-41 -45 0
-42 -46 0
-43 -47 0
-44 -48 0
-41 -49 0
-42 -50 0
-43 -51 0
-44 -52 0
-41 -53 0
-42 -54 0
-43 -55 0
-44 -56 0
-41 -57 0
-42 -58 0
-43 -59 0
-44 -60 0
-41 -65 0
-42 -66 0
-43 -67 0
-44 -68 0
-41 -69 0
-42 -70 0
-43 -71 0
-44 -72 0
-41 -73 0
-42 -74 0
-43 -75 0
-44 -76 0
-41 -77 0
-42 -78 0
-43 -79 0
-44 -80 0
-41 -81 0
-42 -82 0
-43 -83 0
-44 -84 0
-41 -93 0
-42 -94 0
-43 -95 0
-44 -96 0
-41 -97 0
-42 -98 0
-43 -99 0
-44 -100 0
-41 -105 0
-42 -106 0
-43 -107 0
-44 -108 0
-41 -109 0
-42 -110 0
-43 -111 0
-44 -112 0
-41 -113 0
-42 -114 0
-43 -115 0
-44 -116 0
-41 -121 0
-42 -122 0
-43 -123 0
-44 -124 0
-41 -129 0
-42 -130 0
-43 -131 0
-44 -132 0
-41 -133 0
-42 -134 0
-43 -135 0
-44 -136 0
-41 -137 0
-42 -138 0
-43 -139 0
-44 -140 0
-41 -141 0
-42 -142 0
-43 -143 0
-44 -144 0
-41 -149 0
-42 -150 0
-43 -151 0
-44 -152 0
-41 -153 0
-42 -154 0
-43 -155 0
-44 -156 0
-41 -157 0
-42 -158 0
-43 -159 0
-44 -160 0
-41 -161 0
-42 -162 0
-43 -163 0
-44 -164 0
-41 -165 0
-42 -166 0
-43 -167 0
-44 -168 0
-41 -169 0
-42 -170 0
-43 -171 0
-44 -172 0
-41 -173 0
-42 -174 0
-43 -175 0
-44 -176 0
-41 -181 0
-42 -182 0
-43 -183 0
-44 -184 0
-41 -185 0
-42 -186 0
-43 -187 0
-44 -188 0
-45 -49 0
-46 -50 0
-47 -51 0
-48 -52 0
-45 -53 0
-46 -54 0
-47 -55 0
-48 -56 0
-45 -57 0
-46 -58 0
-47 -59 0
-48 -60 0
-45 -61 0
-46 -62 0
-47 -63 0
-48 -64 0
-45 -65 0
-46 -66 0
-47 -67 0
-48 -68 0
-45 -73 0
-46 -74 0
-47 -75 0
-48 -76 0
-45 -77 0
-46 -78 0
-47 -79 0
-48 -80 0
-45 -81 0
-46 -82 0
-47 -83 0
-48 -84 0
-45 -89 0
-46 -90 0
-47 -91 0
-48 -92 0
-45 -93 0
-46 -94 0
-47 -95 0
-48 -96 0
-45 -97 0
-46 -98 0
-47 -99 0
-48 -100 0
-45 -101 0
-46 -102 0
-47 -103 0
-48 -104 0
-45 -105 0
-46 -106 0
-47 -107 0
-48 -108 0
-45 -109 0
-46 -110 0
-47 -111 0
-48 -112 0
-45 -113 0
-46 -114 0
-47 -115 0
-48 -116 0
-45 -121 0
-46 -122 0
-47 -123 0
-48 -124 0
-45 -125 0
-46 -126 0
-47 -127 0
-48 -128 0
-45 -129 0
-46 -130 0
-47 -131 0
-48 -132 0
-45 -133 0
-46 -134 0
-47 -135 0
-48 -136 0
-45 -137 0
-46 -138 0
-47 -139 0
-48 -140 0
-45 -145 0
-46 -146 0
-47 -147 0
-48 -148 0
-45 -153 0
-46 -154 0
-47 -155 0
-48 -156 0
-45 -157 0
-46 -158 0
-47 -159 0
-48 -160 0
-45 -161 0
-46 -162 0
-47 -163 0
-48 -164 0
-45 -165 0
-46 -166 0
-47 -167 0
-48 -168 0
-45 -169 0
-46 -170 0
-47 -171 0
-48 -172 0
-45 -173 0
-46 -174 0
-47 -175 0
-48 -176 0
-45 -177 0
-46 -178 0
-47 -179 0
-48 -180 0
-45 -181 0
-46 -182 0
-47 -183 0
-48 -184 0
-45 -185 0
-46 -186 0
-47 -187 0
-48 -188 0
-45 -189 0
-46 -190 0
-47 -191 0
-48 -192 0
-45 -193 0
-46 -194 0
-47 -195 0
-48 -196 0
-45 -197 0
-46 -198 0
-47 -199 0
-48 -200 0
-49 -57 0
-50 -58 0
-51 -59 0
-52 -60 0
-49 -61 0
-50 -62 0
-51 -63 0
-52 -64 0
-49 -65 0
-50 -66 0
-51 -67 0
-52 -68 0
-49 -69 0
-50 -70 0
-51 -71 0
-52 -72 0
-49 -73 0
-50 -74 0
-51 -75 0
-52 -76 0
-49 -77 0
-50 -78 0
-51 -79 0
-52 -80 0
-49 -89 0
-50 -90 0
-51 -91 0
-52 -92 0
-49 -97 0
-50 -98 0
-51 -99 0
-52 -100 0
-49 -101 0
-50 -102 0
-51 -103 0
-52 -104 0
-49 -109 0
-50 -110 0
-51 -111 0
-52 -112 0
-49 -113 0
-50 -114 0
-51 -115 0
-52 -116 0
-49 -117 0
-50 -118 0
-51 -119 0
-52 -120 0
-49 -121 0
-50 -122 0
-51 -123 0
-52 -124 0
-49 -125 0
-50 -126 0
-51 -127 0
-52 -128 0
-49 -129 0
-50 -130 0
-51 -131 0
-52 -132 0
-49 -133 0
-50 -134 0
-51 -135 0
-52 -136 0
-49 -137 0
-50 -138 0
-51 -139 0
-52 -140 0
-49 -145 0
-50 -146 0
-51 -147 0
-52 -148 0
-49 -165 0
-50 -166 0
-51 -167 0
-52 -168 0
-49 -169 0
-50 -170 0
-51 -171 0
-52 -172 0
-49 -173 0
-50 -174 0
-51 -175 0
-52 -176 0
-49 -181 0
-50 -182 0
-51 -183 0
-52 -184 0
-49 -185 0
-50 -186 0
-51 -187 0
-52 -188 0
-49 -189 0
-50 -190 0
-51 -191 0
-52 -192 0
-49 -193 0
-50 -194 0
-51 -195 0
-52 -196 0
-49 -197 0
-50 -198 0
-51 -199 0
-52 -200 0
-53 -57 0
-54 -58 0
-55 -59 0
-56 -60 0
-53 -69 0
-54 -70 0
-55 -71 0
-56 -72 0
-53 -73 0
-54 -74 0
-55 -75 0
-56 -76 0
-53 -81 0
-54 -82 0
-55 -83 0
-56 -84 0
-53 -85 0
-54 -86 0
-55 -87 0
-56 -88 0
-53 -105 0
-54 -106 0
-55 -107 0
-56 -108 0
-53 -109 0
-54 -110 0
-55 -111 0
-56 -112 0
-53 -113 0
-54 -114 0
-55 -115 0
-56 -116 0
-53 -117 0
-54 -118 0
-55 -119 0
-56 -120 0
-53 -121 0
-54 -122 0
-55 -123 0
-56 -124 0
-53 -129 0
-54 -130 0
-55 -131 0
-56 -132 0
-53 -137 0
-54 -138 0
-55 -139 0
-56 -140 0
-53 -141 0
-54 -142 0
-55 -143 0
-56 -144 0
-53 -145 0
-54 -146 0
-55 -147 0
-56 -148 0
-53 -149 0
-54 -150 0
-55 -151 0
-56 -152 0
-53 -157 0
-54 -158 0
-55 -159 0
-56 -160 0
-53 -161 0
-54 -162 0
-55 -163 0
-56 -164 0
-53 -169 0
-54 -170 0
-55 -171 0
-56 -172 0
-53 -173 0
-54 -174 0
-55 -175 0
-56 -176 0
-53 -189 0
-54 -190 0
-55 -191 0
-56 -192 0
-53 -193 0
-54 -194 0
-55 -195 0
-56 -196 0
-57 -61 0
-58 -62 0
-59 -63 0
-60 -64 0
-57 -65 0
-58 -66 0
-59 -67 0
-60 -68 0
-57 -69 0
-58 -70 0
-59 -71 0
-60 -72 0
-57 -73 0
-58 -74 0
-59 -75 0
-60 -76 0
-57 -81 0
-58 -82 0
-59 -83 0
-60 -84 0
-57 -85 0
-58 -86 0
-59 -87 0
-60 -88 0
-57 -89 0
-58 -90 0
-59 -91 0
-60 -92 0
-57 -93 0
-58 -94 0
-59 -95 0
-60 -96 0
-57 -97 0
-58 -98 0
-59 -99 0
-60 -100 0
-57 -101 0
-58 -102 0
-59 -103 0
-60 -104 0
-57 -105 0
-58 -106 0
-59 -107 0
-60 -108 0
-57 -109 0
-58 -110 0
-59 -111 0
-60 -112 0
-57 -117 0
-58 -118 0
-59 -119 0
-60 -120 0
-57 -125 0
-58 -126 0
-59 -127 0
-60 -128 0
-57 -129 0
-58 -130 0
-59 -131 0
-60 -132 0
-57 -141 0
-58 -142 0
-59 -143 0
-60 -144 0
-57 -145 0
-58 -146 0
-59 -147 0
-60 -148 0
-57 -149 0
-58 -150 0
-59 -151 0
-60 -152 0
-57 -153 0
-58 -154 0
-59 -155 0
-60 -156 0
-57 -161 0
-58 -162 0
-59 -163 0
-60 -164 0
-57 -165 0
-58 -166 0
-59 -167 0
-60 -168 0
-57 -169 0
-58 -170 0
-59 -171 0
-60 -172 0
-57 -173 0
-58 -174 0
-59 -175 0
-60 -176 0
-57 -177 0
-58 -178 0
-59 -179 0
-60 -180 0
-57 -189 0
-58 -190 0
-59 -191 0
-60 -192 0
-57 -197 0
-58 -198 0
-59 -199 0
-60 -200 0
-61 -69 0
-62 -70 0
-63 -71 0
-64 -72 0
-61 -73 0
-62 -74 0
-63 -75 0
-64 -76 0
-61 -77 0
-62 -78 0
-63 -79 0
-64 -80 0
-61 -81 0
-62 -82 0
-63 -83 0
-64 -84 0
-61 -85 0
-62 -86 0
-63 -87 0
-64 -88 0
-61 -89 0
-62 -90 0
-63 -91 0
-64 -92 0
-61 -93 0
-62 -94 0
-63 -95 0
-64 -96 0
-61 -97 0
-62 -98 0
-63 -99 0
-64 -100 0
-61 -101 0
-62 -102 0
-63 -103 0
-64 -104 0
-61 -105 0
-62 -106 0
-63 -107 0
-64 -108 0
-61 -117 0
-62 -118 0
-63 -119 0
-64 -120 0
-61 -125 0
-62 -126 0
-63 -127 0
-64 -128 0
-61 -129 0
-62 -130 0
-63 -131 0
-64 -132 0
-61 -133 0
-62 -134 0
-63 -135 0
-64 -136 0
-61 -137 0
-62 -138 0
-63 -139 0
-64 -140 0
-61 -141 0
-62 -142 0
-63 -143 0
-64 -144 0
-61 -145 0
-62 -146 0
-63 -147 0
-64 -148 0
-61 -149 0
-62 -150 0
-63 -151 0
-64 -152 0
-61 -153 0
-62 -154 0
-63 -155 0
-64 -156 0
-61 -157 0
-62 -158 0
-63 -159 0
-64 -160 0
-61 -169 0
-62 -170 0
-63 -171 0
-64 -172 0
-61 -173 0
-62 -174 0
-63 -175 0
-64 -176 0
-61 -177 0
-62 -178 0
-63 -179 0
-64 -180 0
-61 -181 0
-62 -182 0
-63 -183 0
-64 -184 0
-61 -185 0
-62 -186 0
-63 -187 0
-64 -188 0
-61 -189 0
-62 -190 0
-63 -191 0
-64 -192 0
-61 -193 0
-62 -194 0
-63 -195 0
-64 -196 0
-61 -197 0
-62 -198 0
-63 -199 0
-64 -200 0
-65 -69 0
-66 -70 0
-67 -71 0
-68 -72 0
-65 -73 0
-66 -74 0
-67 -75 0
-68 -76 0
-65 -81 0
-66 -82 0
-67 -83 0
-68 -84 0
-65 -85 0
-66 -86 0
-67 -87 0
-68 -88 0
-65 -89 0
-66 -90 0
-67 -91 0
-68 -92 0
-65 -93 0
-66 -94 0
-67 -95 0
-68 -96 0
-65 -105 0
-66 -106 0
-67 -107 0
-68 -108 0
-65 -109 0
-66 -110 0
-67 -111 0
-68 -112 0
-65 -113 0
-66 -114 0
-67 -115 0
-68 -116 0
-65 -117 0
-66 -118 0
-67 -119 0
-68 -120 0
-65 -125 0
-66 -126 0
-67 -127 0
-68 -128 0
-65 -129 0
-66 -130 0
-67 -131 0
-68 -132 0
-65 -133 0
-66 -134 0
-67 -135 0
-68 -136 0
-65 -137 0
-66 -138 0
-67 -139 0
-68 -140 0
-65 -141 0
-66 -142 0
-67 -143 0
-68 -144 0
-65 -157 0
-66 -158 0
-67 -159 0
-68 -160 0
-65 -161 0
-66 -162 0
-67 -163 0
-68 -164 0
-65 -165 0
-66 -166 0
-67 -167 0
-68 -168 0
-65 -169 0
-66 -170 0
-67 -171 0
-68 -172 0
-65 -173 0
-66 -174 0
-67 -175 0
-68 -176 0
-65 -185 0
-66 -186 0
-67 -187 0
-68 -188 0
-65 -193 0
-66 -194 0
-67 -195 0
-68 -196 0
-65 -197 0
-66 -198 0
-67 -199 0
-68 -200 0
-69 -73 0
-70 -74 0
-71 -75 0
-72 -76 0
-69 -77 0
-70 -78 0
-71 -79 0
-72 -80 0
-69 -81 0
-70 -82 0
-71 -83 0
-72 -84 0
-69 -85 0
-70 -86 0
-71 -87 0
-72 -88 0
-69 -89 0
-70 -90 0
-71 -91 0
-72 -92 0
-69 -97 0
-70 -98 0
-71 -99 0
-72 -100 0
-69 -101 0
-70 -102 0
-71 -103 0
-72 -104 0
-69 -105 0
-70 -106 0
-71 -107 0
-72 -108 0
-69 -113 0
-70 -114 0
-71 -115 0
-72 -116 0
-69 -121 0
-70 -122 0
-71 -123 0
-72 -124 0
-69 -125 0
-70 -126 0
-71 -127 0
-72 -128 0
-69 -129 0
-70 -130 0
-71 -131 0
-72 -132 0
-69 -137 0
-70 -138 0
-71 -139 0
-72 -140 0
-69 -145 0
-70 -146 0
-71 -147 0
-72 -148 0
-69 -149 0
-70 -150 0
-71 -151 0
-72 -152 0
-69 -153 0
-70 -154 0
-71 -155 0
-72 -156 0
-69 -161 0
-70 -162 0
-71 -163 0
-72 -164 0
-69 -165 0
-70 -166 0
-71 -167 0
-72 -168 0
-69 -169 0
-70 -170 0
-71 -171 0
-72 -172 0
-69 -173 0
-70 -174 0
-71 -175 0
-72 -176 0
-69 -185 0
-70 -186 0
-71 -187 0
-72 -188 0
-69 -189 0
-70 -190 0
-71 -191 0
-72 -192 0
-69 -193 0
-70 -194 0
-71 -195 0
-72 -196 0
-69 -197 0
-70 -198 0
-71 -199 0
-72 -200 0
-73 -77 0
-74 -78 0
-75 -79 0
-76 -80 0
-73 -89 0
-74 -90 0
-75 -91 0
-76 -92 0
-73 -93 0
-74 -94 0
-75 -95 0
-76 -96 0
-73 -97 0
-74 -98 0
-75 -99 0
-76 -100 0
-73 -101 0
-74 -102 0
-75 -103 0
-76 -104 0
-73 -109 0
-74 -110 0
-75 -111 0
-76 -112 0
-73 -113 0
-74 -114 0
-75 -115 0
-76 -116 0
-73 -117 0
-74 -118 0
-75 -119 0
-76 -120 0
-73 -121 0
-74 -122 0
-75 -123 0
-76 -124 0
-73 -125 0
-74 -126 0
-75 -127 0
-76 -128 0
-73 -129 0
-74 -130 0
-75 -131 0
-76 -132 0
-73 -133 0
-74 -134 0
-75 -135 0
-76 -136 0
-73 -137 0
-74 -138 0
-75 -139 0
-76 -140 0
-73 -141 0
-74 -142 0
-75 -143 0
-76 -144 0
-73 -145 0
-74 -146 0
-75 -147 0
-76 -148 0
-73 -149 0
-74 -150 0
-75 -151 0
-76 -152 0
-73 -157 0
-74 -158 0
-75 -159 0
-76 -160 0
-73 -165 0
-74 -166 0
-75 -167 0
-76 -168 0
-73 -169 0
-74 -170 0
-75 -171 0
-76 -172 0
-73 -173 0
-74 -174 0
-75 -175 0
-76 -176 0
-73 -177 0
-74 -178 0
-75 -179 0
-76 -180 0
-73 -181 0
-74 -182 0
-75 -183 0
-76 -184 0
-73 -185 0
-74 -186 0
-75 -187 0
-76 -188 0
-73 -189 0
-74 -190 0
-75 -191 0
-76 -192 0
-73 -193 0
-74 -194 0
-75 -195 0
-76 -196 0
-77 -81 0
-78 -82 0
-79 -83 0
-80 -84 0
-77 -85 0
-78 -86 0
-79 -87 0
-80 -88 0
-77 -89 0
-78 -90 0
-79 -91 0
-80 -92 0
-77 -93 0
-78 -94 0
-79 -95 0
-80 -96 0
-77 -97 0
-78 -98 0
-79 -99 0
-80 -100 0
-77 -101 0
-78 -102 0
-79 -103 0
-80 -104 0
-77 -109 0
-78 -110 0
-79 -111 0
-80 -112 0
-77 -113 0
-78 -114 0
-79 -115 0
-80 -116 0
-77 -117 0
-78 -118 0
-79 -119 0
-80 -120 0
-77 -121 0
-78 -122 0
-79 -123 0
-80 -124 0
-77 -125 0
-78 -126 0
-79 -127 0
-80 -128 0
-77 -133 0
-78 -134 0
-79 -135 0
-80 -136 0
-77 -141 0
-78 -142 0
-79 -143 0
-80 -144 0
-77 -145 0
-78 -146 0
-79 -147 0
-80 -148 0
-77 -149 0
-78 -150 0
-79 -151 0
-80 -152 0
-77 -153 0
-78 -154 0
-79 -155 0
-80 -156 0
-77 -157 0
-78 -158 0
-79 -159 0
-80 -160 0
-77 -161 0
-78 -162 0
-79 -163 0
-80 -164 0
-77 -165 0
-78 -166 0
-79 -167 0
-80 -168 0
-77 -169 0
-78 -170 0
-79 -171 0
-80 -172 0
-77 -177 0
-78 -178 0
-79 -179 0
-80 -180 0
-77 -181 0
-78 -182 0
-79 -183 0
-80 -184 0
-77 -189 0
-78 -190 0
-79 -191 0
-80 -192 0
-77 -193 0
-78 -194 0
-79 -195 0
-80 -196 0
-77 -197 0
-78 -198 0
-79 -199 0
-80 -200 0
-81 -85 0
-82 -86 0
-83 -87 0
-84 -88 0
-81 -89 0
-82 -90 0
-83 -91 0
-84 -92 0
-81 -105 0
-82 -106 0
-83 -107 0
-84 -108 0
-81 -109 0
-82 -110 0
-83 -111 0
-84 -112 0
-81 -117 0
-82 -118 0
-83 -119 0
-84 -120 0
-81 -121 0
-82 -122 0
-83 -123 0
-84 -124 0
-81 -125 0
-82 -126 0
-83 -127 0
-84 -128 0
-81 -129 0
-82 -130 0
-83 -131 0
-84 -132 0
-81 -145 0
-82 -146 0
-83 -147 0
-84 -148 0
-81 -149 0
-82 -150 0
-83 -151 0
-84 -152 0
-81 -153 0
-82 -154 0
-83 -155 0
-84 -156 0
-81 -161 0
-82 -162 0
-83 -163 0
-84 -164 0
-81 -169 0
-82 -170 0
-83 -171 0
-84 -172 0
-81 -173 0
-82 -174 0
-83 -175 0
-84 -176 0
-81 -177 0
-82 -178 0
-83 -179 0
-84 -180 0
-81 -181 0
-82 -182 0
-83 -183 0
-84 -184 0
-81 -185 0
-82 -186 0
-83 -187 0
-84 -188 0
-81 -193 0
-82 -194 0
-83 -195 0
-84 -196 0
-85 -93 0
-86 -94 0
-87 -95 0
-88 -96 0
-85 -97 0
-86 -98 0
-87 -99 0
-88 -100 0
-85 -101 0
-86 -102 0
-87 -103 0
-88 -104 0
-85 -109 0
-86 -110 0
-87 -111 0
-88 -112 0
-85 -113 0
-86 -114 0
-87 -115 0
-88 -116 0
-85 -117 0
-86 -118 0
-87 -119 0
-88 -120 0
-85 -121 0
-86 -122 0
-87 -123 0
-88 -124 0
-85 -129 0
-86 -130 0
-87 -131 0
-88 -132 0
-85 -133 0
-86 -134 0
-87 -135 0
-88 -136 0
-85 -141 0
-86 -142 0
-87 -143 0
-88 -144 0
-85 -145 0
-86 -146 0
-87 -147 0
-88 -148 0
-85 -149 0
-86 -150 0
-87 -151 0
-88 -152 0
-85 -153 0
-86 -154 0
-87 -155 0
-88 -156 0
-85 -157 0
-86 -158 0
-87 -159 0
-88 -160 0
-85 -161 0
-86 -162 0
-87 -163 0
-88 -164 0
-85 -165 0
-86 -166 0
-87 -167 0
-88 -168 0
-85 -173 0
-86 -174 0
-87 -175 0
-88 -176 0
-85 -177 0
-86 -178 0
-87 -179 0
-88 -180 0
-85 -181 0
-86 -182 0
-87 -183 0
-88 -184 0
-85 -185 0
-86 -186 0
-87 -187 0
-88 -188 0
-85 -189 0
-86 -190 0
-87 -191 0
-88 -192 0
-85 -193 0
-86 -194 0
-87 -195 0
-88 -196 0
-85 -197 0
-86 -198 0
-87 -199 0
-88 -200 0
-89 -93 0
-90 -94 0
-91 -95 0
-92 -96 0
-89 -97 0
-90 -98 0
-91 -99 0
-92 -100 0
-89 -101 0
-90 -102 0
-91 -103 0
-92 -104 0
-89 -105 0
-90 -106 0
-91 -107 0
-92 -108 0
-89 -109 0
-90 -110 0
-91 -111 0
-92 -112 0
-89 -121 0
-90 -122 0
-91 -123 0
-92 -124 0
-89 -125 0
-90 -126 0
-91 -127 0
-92 -128 0
-89 -129 0
-90 -130 0
-91 -131 0
-92 -132 0
-89 -133 0
-90 -134 0
-91 -135 0
-92 -136 0
-89 -141 0
-90 -142 0
-91 -143 0
-92 -144 0
-89 -145 0
-90 -146 0
-91 -147 0
-92 -148 0
-89 -149 0
-90 -150 0
-91 -151 0
-92 -152 0
-89 -153 0
-90 -154 0
-91 -155 0
-92 -156 0
-89 -157 0
-90 -158 0
-91 -159 0
-92 -160 0
-89 -161 0
-90 -162 0
-91 -163 0
-92 -164 0
-89 -165 0
-90 -166 0
-91 -167 0
-92 -168 0
-89 -169 0
-90 -170 0
-91 -171 0
-92 -172 0
-89 -173 0
-90 -174 0
-91 -175 0
-92 -176 0
-89 -181 0
-90 -182 0
-91 -183 0
-92 -184 0
-89 -185 0
-90 -186 0
-91 -187 0
-92 -188 0
-89 -189 0
-90 -190 0
-91 -191 0
-92 -192 0
-89 -193 0
-90 -194 0
-91 -195 0
-92 -196 0
-93 -97 0
-94 -98 0
-95 -99 0
-96 -100 0
-93 -101 0
-94 -102 0
-95 -103 0
-96 -104 0
-93 -117 0
-94 -118 0
-95 -119 0
-96 -120 0
-93 -125 0
-94 -126 0
-95 -127 0
-96 -128 0
-93 -129 0
-94 -130 0
-95 -131 0
-96 -132 0
-93 -133 0
-94 -134 0
-95 -135 0
-96 -136 0
-93 -141 0
-94 -142 0
-95 -143 0
-96 -144 0
-93 -145 0
-94 -146 0
-95 -147 0
-96 -148 0
-93 -149 0
-94 -150 0
-95 -151 0
-96 -152 0
-93 -153 0
-94 -154 0
-95 -155 0
-96 -156 0
-93 -165 0
-94 -166 0
-95 -167 0
-96 -168 0
-93 -169 0
-94 -170 0
-95 -171 0
-96 -172 0
-93 -173 0
-94 -174 0
-95 -175 0
-96 -176 0
-93 -177 0
-94 -178 0
-95 -179 0
-96 -180 0
-93 -185 0
-94 -186 0
-95 -187 0
-96 -188 0
-93 -189 0
-94 -190 0
-95 -191 0
-96 -192 0
-93 -193 0
-94 -194 0
-95 -195 0
-96 -196 0
-93 -197 0
-94 -198 0
-95 -199 0
-96 -200 0
-97 -105 0
-98 -106 0
-99 -107 0
-100 -108 0
-97 -109 0
-98 -110 0
-99 -111 0
-100 -112 0
-97 -113 0
-98 -114 0
-99 -115 0
-100 -116 0
-97 -117 0
-98 -118 0
-99 -119 0
-100 -120 0
-97 -125 0
-98 -126 0
-99 -127 0
-100 -128 0
-97 -129 0
-98 -130 0
-99 -131 0
-100 -132 0
-97 -141 0
-98 -142 0
-99 -143 0
-100 -144 0
-97 -145 0
-98 -146 0
-99 -147 0
-100 -148 0
-97 -149 0
-98 -150 0
-99 -151 0
-100 -152 0
-97 -153 0
-98 -154 0
-99 -155 0
-100 -156 0
-97 -161 0
-98 -162 0
-99 -163 0
-100 -164 0
-97 -165 0
-98 -166 0
-99 -167 0
-100 -168 0
-97 -169 0
-98 -170 0
-99 -171 0
-100 -172 0
-97 -173 0
-98 -174 0
-99 -175 0
-100 -176 0
-97 -177 0
-98 -178 0
-99 -179 0
-100 -180 0
-97 -185 0
-98 -186 0
-99 -187 0
-100 -188 0
-97 -189 0
-98 -190 0
-99 -191 0
-100 -192 0
-97 -193 0
-98 -194 0
-99 -195 0
-100 -196 0
-97 -197 0
-98 -198 0
-99 -199 0
-100 -200 0
-101 -105 0
-102 -106 0
-103 -107 0
-104 -108 0
-101 -109 0
-102 -110 0
-103 -111 0
-104 -112 0
-101 -113 0
-102 -114 0
-103 -115 0
-104 -116 0
-101 -125 0
-102 -126 0
-103 -127 0
-104 -128 0
-101 -129 0
-102 -130 0
-103 -131 0
-104 -132 0
-101 -133 0
-102 -134 0
-103 -135 0
-104 -136 0
-101 -137 0
-102 -138 0
-103 -139 0
-104 -140 0
-101 -149 0
-102 -150 0
-103 -151 0
-104 -152 0
-101 -165 0
-102 -166 0
-103 -167 0
-104 -168 0
-101 -173 0
-102 -174 0
-103 -175 0
-104 -176 0
-101 -177 0
-102 -178 0
-103 -179 0
-104 -180 0
-101 -185 0
-102 -186 0
-103 -187 0
-104 -188 0
-101 -189 0
-102 -190 0
-103 -191 0
-104 -192 0
-101 -193 0
-102 -194 0
-103 -195 0
-104 -196 0
-101 -197 0
-102 -198 0
-103 -199 0
-104 -200 0
-105 -109 0
-106 -110 0
-107 -111 0
-108 -112 0
-105 -121 0
-106 -122 0
-107 -123 0
-108 -124 0
-105 -129 0
-106 -130 0
-107 -131 0
-108 -132 0
-105 -137 0
-106 -138 0
-107 -139 0
-108 -140 0
-105 -141 0
-106 -142 0
-107 -143 0
-108 -144 0
-105 -145 0
-106 -146 0
-107 -147 0
-108 -148 0
-105 -149 0
-106 -150 0
-107 -151 0
-108 -152 0
-105 -153 0
-106 -154 0
-107 -155 0
-108 -156 0
-105 -161 0
-106 -162 0
-107 -163 0
-108 -164 0
-105 -165 0
-106 -166 0
-107 -167 0
-108 -168 0
-105 -169 0
-106 -170 0
-107 -171 0
-108 -172 0
-105 -173 0
-106 -174 0
-107 -175 0
-108 -176 0
-105 -177 0
-106 -178 0
-107 -179 0
-108 -180 0
-105 -181 0
-106 -182 0
-107 -183 0
-108 -184 0
-105 -185 0
-106 -186 0
-107 -187 0
-108 -188 0
-105 -189 0
-106 -190 0
-107 -191 0
-108 -192 0
-105 -197 0
-106 -198 0
-107 -199 0
-108 -200 0
-109 -113 0
-110 -114 0
-111 -115 0
-112 -116 0
-109 -125 0
-110 -126 0
-111 -127 0
-112 -128 0
-109 -129 0
-110 -130 0
-111 -131 0
-112 -132 0
-109 -133 0
-110 -134 0
-111 -135 0
-112 -136 0
-109 -141 0
-110 -142 0
-111 -143 0
-112 -144 0
-109 -145 0
-110 -146 0
-111 -147 0
-112 -148 0
-109 -149 0
-110 -150 0
-111 -151 0
-112 -152 0
-109 -153 0
-110 -154 0
-111 -155 0
-112 -156 0
-109 -157 0
-110 -158 0
-111 -159 0
-112 -160 0
-109 -161 0
-110 -162 0
-111 -163 0
-112 -164 0
-109 -165 0
-110 -166 0
-111 -167 0
-112 -168 0
-109 -169 0
-110 -170 0
-111 -171 0
-112 -172 0
-109 -177 0
-110 -178 0
-111 -179 0
-112 -180 0
-109 -181 0
-110 -182 0
-111 -183 0
-112 -184 0
-109 -185 0
-110 -186 0
-111 -187 0
-112 -188 0
-109 -189 0
-110 -190 0
-111 -191 0
-112 -192 0
-109 -193 0
-110 -194 0
-111 -195 0
-112 -196 0
-113 -121 0
-114 -122 0
-115 -123 0
-116 -124 0
-113 -129 0
-114 -130 0
-115 -131 0
-116 -132 0
-113 -133 0
-114 -134 0
-115 -135 0
-116 -136 0
-113 -137 0
-114 -138 0
-115 -139 0
-116 -140 0
-113 -141 0
-114 -142 0
-115 -143 0
-116 -144 0
-113 -149 0
-114 -150 0
-115 -151 0
-116 -152 0
-113 -153 0
-114 -154 0
-115 -155 0
-116 -156 0
-113 -157 0
-114 -158 0
-115 -159 0
-116 -160 0
-113 -165 0
-114 -166 0
-115 -167 0
-116 -168 0
-113 -169 0
-114 -170 0
-115 -171 0
-116 -172 0
-113 -177 0
-114 -178 0
-115 -179 0
-116 -180 0
-113 -181 0
-114 -182 0
-115 -183 0
-116 -184 0
-113 -185 0
-114 -186 0
-115 -187 0
-116 -188 0
-113 -193 0
-114 -194 0
-115 -195 0
-116 -196 0
-117 -121 0
-118 -122 0
-119 -123 0
-120 -124 0
-117 -125 0
-118 -126 0
-119 -127 0
-120 -128 0
-117 -133 0
-118 -134 0
-119 -135 0
-120 -136 0
-117 -137 0
-118 -138 0
-119 -139 0
-120 -140 0
-117 -141 0
-118 -142 0
-119 -143 0
-120 -144 0
-117 -145 0
-118 -146 0
-119 -147 0
-120 -148 0
-117 -149 0
-118 -150 0
-119 -151 0
-120 -152 0
-117 -157 0
-118 -158 0
-119 -159 0
-120 -160 0
-117 -161 0
-118 -162 0
-119 -163 0
-120 -164 0
-117 -165 0
-118 -166 0
-119 -167 0
-120 -168 0
-117 -169 0
-118 -170 0
-119 -171 0
-120 -172 0
-117 -173 0
-118 -174 0
-119 -175 0
-120 -176 0
-117 -181 0
-118 -182 0
-119 -183 0
-120 -184 0
-117 -185 0
-118 -186 0
-119 -187 0
-120 -188 0
-117 -189 0
-118 -190 0
-119 -191 0
-120 -192 0
-117 -193 0
-118 -194 0
-119 -195 0
-120 -196 0
-117 -197 0
-118 -198 0
-119 -199 0
-120 -200 0
-121 -125 0
-122 -126 0
-123 -127 0
-124 -128 0
-121 -129 0
-122 -130 0
-123 -131 0
-124 -132 0
-121 -141 0
-122 -142 0
-123 -143 0
-124 -144 0
-121 -145 0
-122 -146 0
-123 -147 0
-124 -148 0
-121 -149 0
-122 -150 0
-123 -151 0
-124 -152 0
-121 -153 0
-122 -154 0
-123 -155 0
-124 -156 0
-121 -161 0
-122 -162 0
-123 -163 0
-124 -164 0
-121 -165 0
-122 -166 0
-123 -167 0
-124 -168 0
-121 -169 0
-122 -170 0
-123 -171 0
-124 -172 0
-121 -177 0
-122 -178 0
-123 -179 0
-124 -180 0
-121 -181 0
-122 -182 0
-123 -183 0
-124 -184 0
-121 -185 0
-122 -186 0
-123 -187 0
-124 -188 0
-121 -189 0
-122 -190 0
-123 -191 0
-124 -192 0
-121 -197 0
-122 -198 0
-123 -199 0
-124 -200 0
-125 -129 0
-126 -130 0
-127 -131 0
-128 -132 0
-125 -133 0
-126 -134 0
-127 -135 0
-128 -136 0
-125 -137 0
-126 -138 0
-127 -139 0
-128 -140 0
-125 -145 0
-126 -146 0
-127 -147 0
-128 -148 0
-125 -149 0
-126 -150 0
-127 -151 0
-128 -152 0
-125 -157 0
-126 -158 0
-127 -159 0
-128 -160 0
-125 -161 0
-126 -162 0
-127 -163 0
-128 -164 0
-125 -165 0
-126 -166 0
-127 -167 0
-128 -168 0
-125 -173 0
-126 -174 0
-127 -175 0
-128 -176 0
-125 -177 0
-126 -178 0
-127 -179 0
-128 -180 0
-125 -181 0
-126 -182 0
-127 -183 0
-128 -184 0
-125 -185 0
-126 -186 0
-127 -187 0
-128 -188 0
-125 -189 0
-126 -190 0
-127 -191 0
-128 -192 0
-125 -197 0
-126 -198 0
-127 -199 0
-128 -200 0
-129 -141 0
-130 -142 0
-131 -143 0
-132 -144 0
-129 -149 0
-130 -150 0
-131 -151 0
-132 -152 0
-129 -153 0
-130 -154 0
-131 -155 0
-132 -156 0
-129 -161 0
-130 -162 0
-131 -163 0
-132 -164 0
-129 -165 0
-130 -166 0
-131 -167 0
-132 -168 0
-129 -169 0
-130 -170 0
-131 -171 0
-132 -172 0
-129 -173 0
-130 -174 0
-131 -175 0
-132 -176 0
-129 -177 0
-130 -178 0
-131 -179 0
-132 -180 0
-129 -181 0
-130 -182 0
-131 -183 0
-132 -184 0
-129 -185 0
-130 -186 0
-131 -187 0
-132 -188 0
-129 -193 0
-130 -194 0
-131 -195 0
-132 -196 0
-129 -197 0
-130 -198 0
-131 -199 0
-132 -200 0
-133 -137 0
-134 -138 0
-135 -139 0
-136 -140 0
-133 -141 0
-134 -142 0
-135 -143 0
-136 -144 0
-133 -145 0
-134 -146 0
-135 -147 0
-136 -148 0
-133 -149 0
-134 -150 0
-135 -151 0
-136 -152 0
-133 -153 0
-134 -154 0
-135 -155 0
-136 -156 0
-133 -157 0
-134 -158 0
-135 -159 0
-136 -160 0
-133 -161 0
-134 -162 0
-135 -163 0
-136 -164 0
-133 -169 0
-134 -170 0
-135 -171 0
-136 -172 0
-133 -181 0
-134 -182 0
-135 -183 0
-136 -184 0
-133 -185 0
-134 -186 0
-135 -187 0
-136 -188 0
-133 -189 0
-134 -190 0
-135 -191 0
-136 -192 0
-133 -193 0
-134 -194 0
-135 -195 0
-136 -196 0
-133 -197 0
-134 -198 0
-135 -199 0
-136 -200 0
-137 -141 0
-138 -142 0
-139 -143 0
-140 -144 0
-137 -145 0
-138 -146 0
-139 -147 0
-140 -148 0
-137 -153 0
-138 -154 0
-139 -155 0
-140 -156 0
-137 -157 0
-138 -158 0
-139 -159 0
-140 -160 0
-137 -161 0
-138 -162 0
-139 -163 0
-140 -164 0
-137 -165 0
-138 -166 0
-139 -167 0
-140 -168 0
-137 -169 0
-138 -170 0
-139 -171 0
-140 -172 0
-137 -173 0
-138 -174 0
-139 -175 0
-140 -176 0
-137 -177 0
-138 -178 0
-139 -179 0
-140 -180 0
-137 -181 0
-138 -182 0
-139 -183 0
-140 -184 0
-137 -185 0
-138 -186 0
-139 -187 0
-140 -188 0
-137 -189 0
-138 -190 0
-139 -191 0
-140 -192 0
-137 -197 0
-138 -198 0
-139 -199 0
-140 -200 0
-141 -145 0
-142 -146 0
-143 -147 0
-144 -148 0
-141 -153 0
-142 -154 0
-143 -155 0
-144 -156 0
-141 -157 0
-142 -158 0
-143 -159 0
-144 -160 0
-141 -161 0
-142 -162 0
-143 -163 0
-144 -164 0
-141 -165 0
-142 -166 0
-143 -167 0
-144 -168 0
-141 -173 0
-142 -174 0
-143 -175 0
-144 -176 0
-141 -177 0
-142 -178 0
-143 -179 0
-144 -180 0
-141 -185 0
-142 -186 0
-143 -187 0
-144 -188 0
-141 -189 0
-142 -190 0
-143 -191 0
-144 -192 0
-141 -193 0
-142 -194 0
-143 -195 0
-144 -196 0
-145 -149 0
-146 -150 0
-147 -151 0
-148 -152 0
-145 -153 0
-146 -154 0
-147 -155 0
-148 -156 0
-145 -161 0
-146 -162 0
-147 -163 0
-148 -164 0
-145 -165 0
-146 -166 0
-147 -167 0
-148 -168 0
-145 -169 0
-146 -170 0
-147 -171 0
-148 -172 0
-145 -181 0
-146 -182 0
-147 -183 0
-148 -184 0
-145 -185 0
-146 -186 0
-147 -187 0
-148 -188 0
-145 -189 0
-146 -190 0
-147 -191 0
-148 -192 0
-145 -193 0
-146 -194 0
-147 -195 0
-148 -196 0
-145 -197 0
-146 -198 0
-147 -199 0
-148 -200 0
-149 -153 0
-150 -154 0
-151 -155 0
-152 -156 0
-149 -161 0
-150 -162 0
-151 -163 0
-152 -164 0
-149 -165 0
-150 -166 0
-151 -167 0
-152 -168 0
-149 -169 0
-150 -170 0
-151 -171 0
-152 -172 0
-149 -177 0
-150 -178 0
-151 -179 0
-152 -180 0
-149 -181 0
-150 -182 0
-151 -183 0
-152 -184 0
-149 -185 0
-150 -186 0
-151 -187 0
-152 -188 0
-149 -189 0
-150 -190 0
-151 -191 0
-152 -192 0
-149 -193 0
-150 -194 0
-151 -195 0
-152 -196 0
-149 -197 0
-150 -198 0
-151 -199 0
-152 -200 0
-153 -157 0
-154 -158 0
-155 -159 0
-156 -160 0
-153 -161 0
-154 -162 0
-155 -163 0
-156 -164 0
-153 -165 0
-154 -166 0
-155 -167 0
-156 -168 0
-153 -173 0
-154 -174 0
-155 -175 0
-156 -176 0
-153 -177 0
-154 -178 0
-155 -179 0
-156 -180 0
-153 -181 0
-154 -182 0
-155 -183 0
-156 -184 0
-153 -185 0
-154 -186 0
-155 -187 0
-156 -188 0
-153 -189 0
-154 -190 0
-155 -191 0
-156 -192 0
-153 -193 0
-154 -194 0
-155 -195 0
-156 -196 0
-153 -197 0
-154 -198 0
-155 -199 0
-156 -200 0
-157 -165 0
-158 -166 0
-159 -167 0
-160 -168 0
-157 -169 0
-158 -170 0
-159 -171 0
-160 -172 0
-157 -173 0
-158 -174 0
-159 -175 0
-160 -176 0
-157 -177 0
-158 -178 0
-159 -179 0
-160 -180 0
-157 -181 0
-158 -182 0
-159 -183 0
-160 -184 0
-157 -185 0
-158 -186 0
-159 -187 0
-160 -188 0
-157 -189 0
-158 -190 0
-159 -191 0
-160 -192 0
-157 -193 0
-158 -194 0
-159 -195 0
-160 -196 0
-157 -197 0
-158 -198 0
-159 -199 0
-160 -200 0
-161 -165 0
-162 -166 0
-163 -167 0
-164 -168 0
-161 -173 0
-162 -174 0
-163 -175 0
-164 -176 0
-161 -177 0
-162 -178 0
-163 -179 0
-164 -180 0
-161 -185 0
-162 -186 0
-163 -187 0
-164 -188 0
-161 -189 0
-162 -190 0
-163 -191 0
-164 -192 0
-161 -193 0
-162 -194 0
-163 -195 0
-164 -196 0
-165 -169 0
-166 -170 0
-167 -171 0
-168 -172 0
-165 -173 0
-166 -174 0
-167 -175 0
-168 -176 0
-165 -177 0
-166 -178 0
-167 -179 0
-168 -180 0
-165 -181 0
-166 -182 0
-167 -183 0
-168 -184 0
-165 -193 0
-166 -194 0
-167 -195 0
-168 -196 0
-165 -197 0
-166 -198 0
-167 -199 0
-168 -200 0
-169 -173 0
-170 -174 0
-171 -175 0
-172 -176 0
-169 -177 0
-170 -178 0
-171 -179 0
-172 -180 0
-169 -181 0
-170 -182 0
-171 -183 0
-172 -184 0
-169 -185 0
-170 -186 0
-171 -187 0
-172 -188 0
-169 -189 0
-170 -190 0
-171 -191 0
-172 -192 0
-169 -197 0
-170 -198 0
-171 -199 0
-172 -200 0
-173 -177 0
-174 -178 0
-175 -179 0
-176 -180 0
-173 -181 0
-174 -182 0
-175 -183 0
-176 -184 0
-173 -193 0
-174 -194 0
-175 -195 0
-176 -196 0
-173 -197 0
-174 -198 0
-175 -199 0
-176 -200 0
-177 -193 0
-178 -194 0
-179 -195 0
-180 -196 0
-177 -197 0
-178 -198 0
-179 -199 0
-180 -200 0
-181 -185 0
-182 -186 0
-183 -187 0
-184 -188 0
-181 -189 0
-182 -190 0
-183 -191 0
-184 -192 0
-181 -193 0
-182 -194 0
-183 -195 0
-184 -196 0
-181 -197 0
-182 -198 0
-183 -199 0
-184 -200 0
-185 -189 0
-186 -190 0
-187 -191 0
-188 -192 0
-185 -193 0
-186 -194 0
-187 -195 0
-188 -196 0
-185 -197 0
-186 -198 0
-187 -199 0
-188 -200 0
-189 -193 0
-190 -194 0
-191 -195 0
-192 -196 0
-189 -197 0
-190 -198 0
-191 -199 0
-192 -200 0
-193 -197 0
-194 -198 0
-195 -199 0
-196 -200 0
