p cnf 250 4610
1 2 3 4 5 0
6 7 8 9 10 0
11 12 13 14 15 0
16 17 18 19 20 0
21 22 23 24 25 0
26 27 28 29 30 0
31 32 33 34 35 0
36 37 38 39 40 0
41 42 43 44 45 0
46 47 48 49 50 0
51 52 53 54 55 0
56 57 58 59 60 0
61 62 63 64 65 0
66 67 68 69 70 0
71 72 73 74 75 0
76 77 78 79 80 0
81 82 83 84 85 0
86 87 88 89 90 0
91 92 93 94 95 0
96 97 98 99 100 0
101 102 103 104 105 0
106 107 108 109 110 0
111 112 113 114 115 0
116 117 118 119 120 0
121 122 123 124 125 0
126 127 128 129 130 0
131 132 133 134 135 0
136 137 138 139 140 0
141 142 143 144 145 0
146 147 148 149 150 0
151 152 153 154 155 0
156 157 158 159 160 0
161 162 163 164 165 0
166 167 168 169 170 0
171 172 173 174 175 0
176 177 178 179 180 0
181 182 183 184 185 0
186 187 188 189 190 0
191 192 193 194 195 0
196 197 198 199 200 0
201 202 203 204 205 0
206 207 208 209 210 0
211 212 213 214 215 0
216 217 218 219 220 0
221 222 223 224 225 0
226 227 228 229 230 0
231 232 233 234 235 0
236 237 238 239 240 0
241 242 243 244 245 0
246 247 248 249 250 0
-1 -6 0
-2 -7 0
-3 -8 0
-4 -9 0
-5 -10 0
-1 -11 0
-2 -12 0
-3 -13 0
-4 -14 0
-5 -15 0
-1 -16 0
-2 -17 0
-3 -18 0
-4 -19 0
-5 -20 0
-1 -21 0
-2 -22 0
-3 -23 0
-4 -24 0
-5 -25 0
-1 -46 0
-2 -47 0
-3 -48 0
-4 -49 0
-5 -50 0
-1 -51 0
-2 -52 0
-3 -53 0
-4 -54 0
-5 -55 0
-1 -56 0
-2 -57 0
-3 -58 0
-4 -59 0
-5 -60 0
-1 -66 0
-2 -67 0
-3 -68 0
-4 -69 0
-5 -70 0
-1 -71 0
-2 -72 0
-3 -73 0
-4 -74 0
-5 -75 0
-1 -76 0
-2 -77 0
-3 -78 0
-4 -79 0
-5 -80 0
-1 -81 0
-2 -82 0
-3 -83 0
-4 -84 0
-5 -85 0
-1 -86 0
-2 -87 0
-3 -88 0
-4 -89 0
-5 -90 0
-1 -91 0
-2 -92 0
-3 -93 0
-4 -94 0
-5 -95 0
-1 -96 0
-2 -97 0
-3 -98 0
-4 -99 0
-5 -100 0
-1 -101 0
-2 -102 0
-3 -103 0
-4 -104 0
-5 -105 0
-1 -106 0
-2 -107 0
-3 -108 0
-4 -109 0
-5 -110 0
-1 -111 0
-2 -112 0
-3 -113 0
-4 -114 0
-5 -115 0
-1 -126 0
-2 -127 0
-3 -128 0
-4 -129 0
-5 -130 0
-1 -141 0
-2 -142 0
-3 -143 0
-4 -144 0
-5 -145 0
-1 -146 0
-2 -147 0
-3 -148 0
-4 -149 0
-5 -150 0
-1 -151 0
-2 -152 0
-3 -153 0
-4 -154 0
-5 -155 0
-1 -161 0
-2 -162 0
-3 -163 0
-4 -164 0
-5 -165 0
-1 -166 0
-2 -167 0
-3 -168 0
-4 -169 0
-5 -170 0
-1 -176 0
-2 -177 0
-3 -178 0
-4 -179 0
-5 -180 0
-1 -181 0
-2 -182 0
-3 -183 0
-4 -184 0
-5 -185 0
-1 -186 0
-2 -187 0
-3 -188 0
-4 -189 0
-5 -190 0
-1 -191 0
-2 -192 0
-3 -193 0
-4 -194 0
-5 -195 0
-1 -196 0
-2 -197 0
-3 -198 0
-4 -199 0
-5 -200 0
-1 -201 0
-2 -202 0
-3 -203 0
-4 -204 0
-5 -205 0
-1 -206 0
-2 -207 0
-3 -208 0
-4 -209 0
-5 -210 0
-1 -211 0
-2 -212 0
-3 -213 0
-4 -214 0
-5 -215 0
-1 -221 0
-2 -222 0
-3 -223 0
-4 -224 0
-5 -225 0
-1 -226 0
-2 -227 0
-3 -228 0
-4 -229 0
-5 -230 0
-1 -231 0
-2 -232 0
-3 -233 0
-4 -234 0
-5 -235 0
-1 -236 0
-2 -237 0
-3 -238 0
-4 -239 0
-5 -240 0
-1 -241 0
-2 -242 0
-3 -243 0
-4 -244 0
-5 -245 0
-1 -246 0
-2 -247 0
-3 -248 0
-4 -249 0
-5 -250 0
-6 -11 0
-7 -12 0
-8 -13 0
-9 -14 0
-10 -15 0
-6 -16 0
-7 -17 0
-8 -18 0
-9 -19 0
-10 -20 0
-6 -26 0
-7 -27 0
-8 -28 0
-9 -29 0
-10 -30 0
-6 -36 0
-7 -37 0
-8 -38 0
-9 -39 0
-10 -40 0
-6 -46 0
-7 -47 0
-8 -48 0
-9 -49 0
-10 -50 0
-6 -51 0
-7 -52 0
-8 -53 0
-9 -54 0
-10 -55 0
-6 -56 0
-7 -57 0
-8 -58 0
-9 -59 0
-10 -60 0
-6 -71 0
-7 -72 0
-8 -73 0
-9 -74 0
-10 -75 0
-6 -76 0
-7 -77 0
-8 -78 0
-9 -79 0
-10 -80 0
-6 -81 0
-7 -82 0
-8 -83 0
-9 -84 0
-10 -85 0
-6 -91 0
-7 -92 0
-8 -93 0
-9 -94 0
-10 -95 0
-6 -96 0
-7 -97 0
-8 -98 0
-9 -99 0
-10 -100 0
-6 -101 0
-7 -102 0
-8 -103 0
-9 -104 0
-10 -105 0
-6 -106 0
-7 -107 0
-8 -108 0
-9 -109 0
-10 -110 0
-6 -116 0
-7 -117 0
-8 -118 0
-9 -119 0
-10 -120 0
-6 -121 0
-7 -122 0
-8 -123 0
-9 -124 0
-10 -125 0
-6 -126 0
-7 -127 0
-8 -128 0
-9 -129 0
-10 -130 0
-6 -131 0
-7 -132 0
-8 -133 0
-9 -134 0
-10 -135 0
-6 -136 0
-7 -137 0
-8 -138 0
-9 -139 0
-10 -140 0
-6 -141 0
-7 -142 0
-8 -143 0
-9 -144 0
-10 -145 0
-6 -146 0
-7 -147 0
-8 -148 0
-9 -149 0
-10 -150 0
-6 -151 0
-7 -152 0
-8 -153 0
-9 -154 0
-10 -155 0
-6 -161 0
-7 -162 0
-8 -163 0
-9 -164 0
-10 -165 0
-6 -166 0
-7 -167 0
-8 -168 0
-9 -169 0
-10 -170 0
-6 -176 0
-7 -177 0
-8 -178 0
-9 -179 0
-10 -180 0
-6 -181 0
-7 -182 0
-8 -183 0
-9 -184 0
-10 -185 0
-6 -186 0
-7 -187 0
-8 -188 0
-9 -189 0
-10 -190 0
-6 -201 0
-7 -202 0
-8 -203 0
-9 -204 0
-10 -205 0
-6 -206 0
-7 -207 0
-8 -208 0
-9 -209 0
-10 -210 0
-6 -211 0
-7 -212 0
-8 -213 0
-9 -214 0
-10 -215 0
-6 -216 0
-7 -217 0
-8 -218 0
-9 -219 0
-10 -220 0
-6 -226 0
-7 -227 0
-8 -228 0
-9 -229 0
-10 -230 0
-6 -231 0
-7 -232 0
-8 -233 0
-9 -234 0
-10 -235 0
-6 -236 0
-7 -237 0
-8 -238 0
-9 -239 0
-10 -240 0
-6 -241 0
-7 -242 0
-8 -243 0
-9 -244 0
-10 -245 0
-11 -16 0
-12 -17 0
-13 -18 0
-14 -19 0
-15 -20 0
-11 -21 0
-12 -22 0
-13 -23 0
-14 -24 0
-15 -25 0
-11 -26 0
-12 -27 0
-13 -28 0
-14 -29 0
-15 -30 0
-11 -31 0
-12 -32 0
-13 -33 0
-14 -34 0
-15 -35 0
-11 -36 0
-12 -37 0
-13 -38 0
-14 -39 0
-15 -40 0
-11 -41 0
-12 -42 0
-13 -43 0
-14 -44 0
-15 -45 0
-11 -46 0
-12 -47 0
-13 -48 0
-14 -49 0
-15 -50 0
-11 -51 0
-12 -52 0
-13 -53 0
-14 -54 0
-15 -55 0
-11 -56 0
-12 -57 0
-13 -58 0
-14 -59 0
-15 -60 0
-11 -61 0
-12 -62 0
-13 -63 0
-14 -64 0
-15 -65 0
-11 -66 0
-12 -67 0
-13 -68 0
-14 -69 0
-15 -70 0
-11 -71 0
-12 -72 0
-13 -73 0
-14 -74 0
-15 -75 0
-11 -76 0
-12 -77 0
-13 -78 0
-14 -79 0
-15 -80 0
-11 -86 0
-12 -87 0
-13 -88 0
-14 -89 0
-15 -90 0
-11 -91 0
-12 -92 0
-13 -93 0
-14 -94 0
-15 -95 0
-11 -101 0
-12 -102 0
-13 -103 0
-14 -104 0
-15 -105 0
-11 -106 0
-12 -107 0
-13 -108 0
-14 -109 0
-15 -110 0
-11 -116 0
-12 -117 0
-13 -118 0
-14 -119 0
-15 -120 0
-11 -126 0
-12 -127 0
-13 -128 0
-14 -129 0
-15 -130 0
-11 -131 0
-12 -132 0
-13 -133 0
-14 -134 0
-15 -135 0
-11 -136 0
-12 -137 0
-13 -138 0
-14 -139 0
-15 -140 0
-11 -146 0
-12 -147 0
-13 -148 0
-14 -149 0
-15 -150 0
-11 -151 0
-12 -152 0
-13 -153 0
-14 -154 0
-15 -155 0
-11 -156 0
-12 -157 0
-13 -158 0
-14 -159 0
-15 -160 0
-11 -161 0
-12 -162 0
-13 -163 0
-14 -164 0
-15 -165 0
-11 -166 0
-12 -167 0
-13 -168 0
-14 -169 0
-15 -170 0
-11 -176 0
-12 -177 0
-13 -178 0
-14 -179 0
-15 -180 0
-11 -181 0
-12 -182 0
-13 -183 0
-14 -184 0
-15 -185 0
-11 -186 0
-12 -187 0
-13 -188 0
-14 -189 0
-15 -190 0
-11 -206 0
-12 -207 0
-13 -208 0
-14 -209 0
-15 -210 0
-11 -211 0
-12 -212 0
-13 -213 0
-14 -214 0
-15 -215 0
-11 -216 0
-12 -217 0
-13 -218 0
-14 -219 0
-15 -220 0
-11 -226 0
-12 -227 0
-13 -228 0
-14 -229 0
-15 -230 0
-11 -231 0
-12 -232 0
-13 -233 0
-14 -234 0
-15 -235 0
-11 -236 0
-12 -237 0
-13 -238 0
-14 -239 0
-15 -240 0
-11 -241 0
-12 -242 0
-13 -243 0
-14 -244 0
-15 -245 0
-16 -21 0
-17 -22 0
-18 -23 0
-19 -24 0
-20 -25 0
-16 -26 0
-17 -27 0
-18 -28 0
-19 -29 0
-20 -30 0
-16 -36 0
-17 -37 0
-18 -38 0
-19 -39 0
-20 -40 0
-16 -41 0
-17 -42 0
-18 -43 0
-19 -44 0
-20 -45 0
-16 -46 0
-17 -47 0
-18 -48 0
-19 -49 0
-20 -50 0
-16 -51 0
-17 -52 0
-18 -53 0
-19 -54 0
-20 -55 0
-16 -66 0
-17 -67 0
-18 -68 0
-19 -69 0
-20 -70 0
-16 -71 0
-17 -72 0
-18 -73 0
-19 -74 0
-20 -75 0
-16 -81 0
-17 -82 0
-18 -83 0
-19 -84 0
-20 -85 0
-16 -86 0
-17 -87 0
-18 -88 0
-19 -89 0
-20 -90 0
-16 -96 0
-17 -97 0
-18 -98 0
-19 -99 0
-20 -100 0
-16 -101 0
-17 -102 0
-18 -103 0
-19 -104 0
-20 -105 0
-16 -106 0
-17 -107 0
-18 -108 0
-19 -109 0
-20 -110 0
-16 -111 0
-17 -112 0
-18 -113 0
-19 -114 0
-20 -115 0
-16 -116 0
-17 -117 0
-18 -118 0
-19 -119 0
-20 -120 0
-16 -126 0
-17 -127 0
-18 -128 0
-19 -129 0
-20 -130 0
-16 -131 0
-17 -132 0
-18 -133 0
-19 -134 0
-20 -135 0
-16 -136 0
-17 -137 0
-18 -138 0
-19 -139 0
-20 -140 0
-16 -141 0
-17 -142 0
-18 -143 0
-19 -144 0
-20 -145 0
-16 -146 0
-17 -147 0
-18 -148 0
-19 -149 0
-20 -150 0
-16 -151 0
-17 -152 0
-18 -153 0
-19 -154 0
-20 -155 0
-16 -171 0
-17 -172 0
-18 -173 0
-19 -174 0
-20 -175 0
-16 -176 0
-17 -177 0
-18 -178 0
-19 -179 0
-20 -180 0
-16 -191 0
-17 -192 0
-18 -193 0
-19 -194 0
-20 -195 0
-16 -201 0
-17 -202 0
-18 -203 0
-19 -204 0
-20 -205 0
-16 -206 0
-17 -207 0
-18 -208 0
-19 -209 0
-20 -210 0
-16 -211 0
-17 -212 0
-18 -213 0
-19 -214 0
-20 -215 0
-16 -216 0
-17 -217 0
-18 -218 0
-19 -219 0
-20 -220 0
-16 -221 0
-17 -222 0
-18 -223 0
-19 -224 0
-20 -225 0
-16 -226 0
-17 -227 0
-18 -228 0
-19 -229 0
-20 -230 0
-16 -231 0
-17 -232 0
-18 -233 0
-19 -234 0
-20 -235 0
-16 -241 0
-17 -242 0
-18 -243 0
-19 -244 0
-20 -245 0
-16 -246 0
-17 -247 0
-18 -248 0
-19 -249 0
-20 -250 0
-21 -26 0
-22 -27 0
-23 -28 0
-24 -29 0
-25 -30 0
-21 -31 0
-22 -32 0
-23 -33 0
-24 -34 0
-25 -35 0
-21 -36 0
-22 -37 0
-23 -38 0
-24 -39 0
-25 -40 0
-21 -41 0
-22 -42 0
-23 -43 0
-24 -44 0
-25 -45 0
-21 -46 0
-22 -47 0
-23 -48 0
-24 -49 0
-25 -50 0
-21 -51 0
-22 -52 0
-23 -53 0
-24 -54 0
-25 -55 0
-21 -56 0
-22 -57 0
-23 -58 0
-24 -59 0
-25 -60 0
-21 -61 0
-22 -62 0
-23 -63 0
-24 -64 0
-25 -65 0
-21 -71 0
-22 -72 0
-23 -73 0
-24 -74 0
-25 -75 0
-21 -76 0
-22 -77 0
-23 -78 0
-24 -79 0
-25 -80 0
-21 -86 0
-22 -87 0
-23 -88 0
-24 -89 0
-25 -90 0
-21 -96 0
-22 -97 0
-23 -98 0
-24 -99 0
-25 -100 0
-21 -101 0
-22 -102 0
-23 -103 0
-24 -104 0
-25 -105 0
-21 -106 0
-22 -107 0
-23 -108 0
-24 -109 0
-25 -110 0
-21 -121 0
-22 -122 0
-23 -123 0
-24 -124 0
-25 -125 0
-21 -126 0
-22 -127 0
-23 -128 0
-24 -129 0
-25 -130 0
-21 -131 0
-22 -132 0
-23 -133 0
-24 -134 0
-25 -135 0
-21 -141 0
-22 -142 0
-23 -143 0
-24 -144 0
-25 -145 0
-21 -151 0
-22 -152 0
-23 -153 0
-24 -154 0
-25 -155 0
-21 -161 0
-22 -162 0
-23 -163 0
-24 -164 0
-25 -165 0
-21 -166 0
-22 -167 0
-23 -168 0
-24 -169 0
-25 -170 0
-21 -176 0
-22 -177 0
-23 -178 0
-24 -179 0
-25 -180 0
-21 -181 0
-22 -182 0
-23 -183 0
-24 -184 0
-25 -185 0
-21 -191 0
-22 -192 0
-23 -193 0
-24 -194 0
-25 -195 0
-21 -201 0
-22 -202 0
-23 -203 0
-24 -204 0
-25 -205 0
-21 -206 0
-22 -207 0
-23 -208 0
-24 -209 0
-25 -210 0
-21 -211 0
-22 -212 0
-23 -213 0
-24 -214 0
-25 -215 0
-21 -216 0
-22 -217 0
-23 -218 0
-24 -219 0
-25 -220 0
-21 -221 0
-22 -222 0
-23 -223 0
-24 -224 0
-25 -225 0
-21 -226 0
-22 -227 0
-23 -228 0
-24 -229 0
-25 -230 0
-21 -231 0
-22 -232 0
-23 -233 0
-24 -234 0
-25 -235 0
-21 -236 0
-22 -237 0
-23 -238 0
-24 -239 0
-25 -240 0
-21 -241 0
-22 -242 0
-23 -243 0
-24 -244 0
-25 -245 0
-21 -246 0
-22 -247 0
-23 -248 0
-24 -249 0
-25 -250 0
-26 -31 0
-27 -32 0
-28 -33 0
-29 -34 0
-30 -35 0
-26 -46 0
-27 -47 0
-28 -48 0
-29 -49 0
-30 -50 0
-26 -56 0
-27 -57 0
-28 -58 0
-29 -59 0
-30 -60 0
-26 -61 0
-27 -62 0
-28 -63 0
-29 -64 0
-30 -65 0
-26 -66 0
-27 -67 0
-28 -68 0
-29 -69 0
-30 -70 0
-26 -76 0
-27 -77 0
-28 -78 0
-29 -79 0
-30 -80 0
-26 -86 0
-27 -87 0
-28 -88 0
-29 -89 0
-30 -90 0
-26 -91 0
-27 -92 0
-28 -93 0
-29 -94 0
-30 -95 0
-26 -101 0
-27 -102 0
-28 -103 0
-29 -104 0
-30 -105 0
-26 -111 0
-27 -112 0
-28 -113 0
-29 -114 0
-30 -115 0
-26 -116 0
-27 -117 0
-28 -118 0
-29 -119 0
-30 -120 0
-26 -121 0
-27 -122 0
-28 -123 0
-29 -124 0
-30 -125 0
-26 -126 0
-27 -127 0
-28 -128 0
-29 -129 0
-30 -130 0
-26 -131 0
-27 -132 0
-28 -133 0
-29 -134 0
-30 -135 0
-26 -141 0
-27 -142 0
-28 -143 0
-29 -144 0
-30 -145 0
-26 -156 0
-27 -157 0
-28 -158 0
-29 -159 0
-30 -160 0
-26 -161 0
-27 -162 0
-28 -163 0
-29 -164 0
-30 -165 0
-26 -166 0
-27 -167 0
-28 -168 0
-29 -169 0
-30 -170 0
-26 -181 0
-27 -182 0
-28 -183 0
-29 -184 0
-30 -185 0
-26 -186 0
-27 -187 0
-28 -188 0
-29 -189 0
-30 -190 0
-26 -191 0
-27 -192 0
-28 -193 0
-29 -194 0
-30 -195 0
-26 -196 0
-27 -197 0
-28 -198 0
-29 -199 0
-30 -200 0
-26 -201 0
-27 -202 0
-28 -203 0
-29 -204 0
-30 -205 0
-26 -206 0
-27 -207 0
-28 -208 0
-29 -209 0
-30 -210 0
-26 -211 0
-27 -212 0
-28 -213 0
-29 -214 0
-30 -215 0
-26 -216 0
-27 -217 0
-28 -218 0
-29 -219 0
-30 -220 0
-26 -221 0
-27 -222 0
-28 -223 0
-29 -224 0
-30 -225 0
-26 -231 0
-27 -232 0
-28 -233 0
-29 -234 0
-30 -235 0
-26 -236 0
-27 -237 0
-28 -238 0
-29 -239 0
-30 -240 0
-26 -241 0
-27 -242 0
-28 -243 0
-29 -244 0
-30 -245 0
-26 -246 0
-27 -247 0
-28 -248 0
-29 -249 0
-30 -250 0
-31 -36 0
-32 -37 0
-33 -38 0
-34 -39 0
-35 -40 0
-31 -41 0
-32 -42 0
-33 -43 0
-34 -44 0
-35 -45 0
-31 -46 0
-32 -47 0
-33 -48 0
-34 -49 0
-35 -50 0
-31 -56 0
-32 -57 0
-33 -58 0
-34 -59 0
-35 -60 0
-31 -61 0
-32 -62 0
-33 -63 0
-34 -64 0
-35 -65 0
-31 -76 0
-32 -77 0
-33 -78 0
-34 -79 0
-35 -80 0
-31 -86 0
-32 -87 0
-33 -88 0
-34 -89 0
-35 -90 0
-31 -91 0
-32 -92 0
-33 -93 0
-34 -94 0
-35 -95 0
-31 -96 0
-32 -97 0
-33 -98 0
-34 -99 0
-35 -100 0
-31 -101 0
-32 -102 0
-33 -103 0
-34 -104 0
-35 -105 0
-31 -106 0
-32 -107 0
-33 -108 0
-34 -109 0
-35 -110 0
-31 -116 0
-32 -117 0
-33 -118 0
-34 -119 0
-35 -120 0
-31 -121 0
-32 -122 0
-33 -123 0
-34 -124 0
-35 -125 0
-31 -126 0
-32 -127 0
-33 -128 0
-34 -129 0
-35 -130 0
-31 -141 0
-32 -142 0
-33 -143 0
-34 -144 0
-35 -145 0
-31 -146 0
-32 -147 0
-33 -148 0
-34 -149 0
-35 -150 0
-31 -151 0
-32 -152 0
-33 -153 0
-34 -154 0
-35 -155 0
-31 -156 0
-32 -157 0
-33 -158 0
-34 -159 0
-35 -160 0
-31 -161 0
-32 -162 0
-33 -163 0
-34 -164 0
-35 -165 0
-31 -166 0
-32 -167 0
-33 -168 0
-34 -169 0
-35 -170 0
-31 -181 0
-32 -182 0
-33 -183 0
-34 -184 0
-35 -185 0
-31 -191 0
-32 -192 0
-33 -193 0
-34 -194 0
-35 -195 0
-31 -196 0
-32 -197 0
-33 -198 0
-34 -199 0
-35 -200 0
-31 -201 0
-32 -202 0
-33 -203 0
-34 -204 0
-35 -205 0
-31 -206 0
-32 -207 0
-33 -208 0
-34 -209 0
-35 -210 0
-31 -226 0
-32 -227 0
-33 -228 0
-34 -229 0
-35 -230 0
-31 -231 0
-32 -232 0
-33 -233 0
-34 -234 0
-35 -235 0
-31 -236 0
-32 -237 0
-33 -238 0
-34 -239 0
-35 -240 0
-31 -241 0
-32 -242 0
-33 -243 0
-34 -244 0
-35 -245 0
-31 -246 0
-32 -247 0
-33 -248 0
-34 -249 0
-35 -250 0
-36 -41 0
-37 -42 0
-38 -43 0
-39 -44 0
-40 -45 0
-36 -46 0
-37 -47 0
-38 -48 0
-39 -49 0
-40 -50 0
-36 -56 0
-37 -57 0
-38 -58 0
-39 -59 0
-40 -60 0
-36 -61 0
-37 -62 0
-38 -63 0
-39 -64 0
-40 -65 0
-36 -66 0
-37 -67 0
-38 -68 0
-39 -69 0
-40 -70 0
-36 -71 0
-37 -72 0
-38 -73 0
-39 -74 0
-40 -75 0
-36 -76 0
-37 -77 0
-38 -78 0
-39 -79 0
-40 -80 0
-36 -86 0
-37 -87 0
-38 -88 0
-39 -89 0
-40 -90 0
-36 -91 0
-37 -92 0
-38 -93 0
-39 -94 0
-40 -95 0
-36 -101 0
-37 -102 0
-38 -103 0
-39 -104 0
-40 -105 0
-36 -106 0
-37 -107 0
-38 -108 0
-39 -109 0
-40 -110 0
-36 -111 0
-37 -112 0
-38 -113 0
-39 -114 0
-40 -115 0
-36 -116 0
-37 -117 0
-38 -118 0
-39 -119 0
-40 -120 0
-36 -126 0
-37 -127 0
-38 -128 0
-39 -129 0
-40 -130 0
-36 -131 0
-37 -132 0
-38 -133 0
-39 -134 0
-40 -135 0
-36 -136 0
-37 -137 0
-38 -138 0
-39 -139 0
-40 -140 0
-36 -141 0
-37 -142 0
-38 -143 0
-39 -144 0
-40 -145 0
-36 -151 0
-37 -152 0
-38 -153 0
-39 -154 0
-40 -155 0
-36 -161 0
-37 -162 0
-38 -163 0
-39 -164 0
-40 -165 0
-36 -166 0
-37 -167 0
-38 -168 0
-39 -169 0
-40 -170 0
-36 -171 0
-37 -172 0
-38 -173 0
-39 -174 0
-40 -175 0
-36 -176 0
-37 -177 0
-38 -178 0
-39 -179 0
-40 -180 0
-36 -191 0
-37 -192 0
-38 -193 0
-39 -194 0
-40 -195 0
-36 -196 0
-37 -197 0
-38 -198 0
-39 -199 0
-40 -200 0
-36 -201 0
-37 -202 0
-38 -203 0
-39 -204 0
-40 -205 0
-36 -206 0
-37 -207 0
-38 -208 0
-39 -209 0
-40 -210 0
-36 -216 0
-37 -217 0
-38 -218 0
-39 -219 0
-40 -220 0
-36 -221 0
-37 -222 0
-38 -223 0
-39 -224 0
-40 -225 0
-36 -226 0
-37 -227 0
-38 -228 0
-39 -229 0
-40 -230 0
-36 -231 0
-37 -232 0
-38 -233 0
-39 -234 0
-40 -235 0
-36 -236 0
-37 -237 0
-38 -238 0
-39 -239 0
-40 -240 0
-36 -241 0
-37 -242 0
-38 -243 0
-39 -244 0
-40 -245 0
-36 -246 0
-37 -247 0
-38 -248 0
-39 -249 0
-40 -250 0
-41 -51 0
-42 -52 0
-43 -53 0
-44 -54 0
-45 -55 0
-41 -56 0
-42 -57 0
-43 -58 0
-44 -59 0
-45 -60 0
-41 -61 0
-42 -62 0
-43 -63 0
-44 -64 0
-45 -65 0
-41 -71 0
-42 -72 0
-43 -73 0
-44 -74 0
-45 -75 0
-41 -86 0
-42 -87 0
-43 -88 0
-44 -89 0
-45 -90 0
-41 -91 0
-42 -92 0
-43 -93 0
-44 -94 0
-45 -95 0
-41 -96 0
-42 -97 0
-43 -98 0
-44 -99 0
-45 -100 0
-41 -101 0
-42 -102 0
-43 -103 0
-44 -104 0
-45 -105 0
-41 -106 0
-42 -107 0
-43 -108 0
-44 -109 0
-45 -110 0
-41 -111 0
-42 -112 0
-43 -113 0
-44 -114 0
-45 -115 0
-41 -121 0
-42 -122 0
-43 -123 0
-44 -124 0
-45 -125 0
-41 -131 0
-42 -132 0
-43 -133 0
-44 -134 0
-45 -135 0
-41 -136 0
-42 -137 0
-43 -138 0
-44 -139 0
-45 -140 0
-41 -141 0
-42 -142 0
-43 -143 0
-44 -144 0
-45 -145 0
-41 -146 0
-42 -147 0
-43 -148 0
-44 -149 0
-45 -150 0
-41 -151 0
-42 -152 0
-43 -153 0
-44 -154 0
-45 -155 0
-41 -166 0
-42 -167 0
-43 -168 0
-44 -169 0
-45 -170 0
-41 -176 0
-42 -177 0
-43 -178 0
-44 -179 0
-45 -180 0
-41 -191 0
-42 -192 0
-43 -193 0
-44 -194 0
-45 -195 0
-41 -201 0
-42 -202 0
-43 -203 0
-44 -204 0
-45 -205 0
-41 -206 0
-42 -207 0
-43 -208 0
-44 -209 0
-45 -210 0
-41 -216 0
-42 -217 0
-43 -218 0
-44 -219 0
-45 -220 0
-41 -221 0
-42 -222 0
-43 -223 0
-44 -224 0
-45 -225 0
-41 -226 0
-42 -227 0
-43 -228 0
-44 -229 0
-45 -230 0
-41 -236 0
-42 -237 0
-43 -238 0
-44 -239 0
-45 -240 0
-41 -241 0
-42 -242 0
-43 -243 0
-44 -244 0
-45 -245 0
-41 -246 0
-42 -247 0
-43 -248 0
-44 -249 0
-45 -250 0
-46 -51 0
-47 -52 0
-48 -53 0
-49 -54 0
-50 -55 0
-46 -56 0
-47 -57 0
-48 -58 0
-49 -59 0
-50 -60 0
-46 -61 0
-47 -62 0
-48 -63 0
-49 -64 0
-50 -65 0
-46 -71 0
-47 -72 0
-48 -73 0
-49 -74 0
-50 -75 0
-46 -76 0
-47 -77 0
-48 -78 0
-49 -79 0
-50 -80 0
-46 -81 0
-47 -82 0
-48 -83 0
-49 -84 0
-50 -85 0
-46 -86 0
-47 -87 0
-48 -88 0
-49 -89 0
-50 -90 0
-46 -91 0
-47 -92 0
-48 -93 0
-49 -94 0
-50 -95 0
-46 -96 0
-47 -97 0
-48 -98 0
-49 -99 0
-50 -100 0
-46 -106 0
-47 -107 0
-48 -108 0
-49 -109 0
-50 -110 0
-46 -116 0
-47 -117 0
-48 -118 0
-49 -119 0
-50 -120 0
-46 -121 0
-47 -122 0
-48 -123 0
-49 -124 0
-50 -125 0
-46 -141 0
-47 -142 0
-48 -143 0
-49 -144 0
-50 -145 0
-46 -146 0
-47 -147 0
-48 -148 0
-49 -149 0
-50 -150 0
-46 -156 0
-47 -157 0
-48 -158 0
-49 -159 0
-50 -160 0
-46 -161 0
-47 -162 0
-48 -163 0
-49 -164 0
-50 -165 0
-46 -166 0
-47 -167 0
-48 -168 0
-49 -169 0
-50 -170 0
-46 -171 0
-47 -172 0
-48 -173 0
-49 -174 0
-50 -175 0
-46 -176 0
-47 -177 0
-48 -178 0
-49 -179 0
-50 -180 0
-46 -191 0
-47 -192 0
-48 -193 0
-49 -194 0
-50 -195 0
-46 -196 0
-47 -197 0
-48 -198 0
-49 -199 0
-50 -200 0
-46 -206 0
-47 -207 0
-48 -208 0
-49 -209 0
-50 -210 0
-46 -216 0
-47 -217 0
-48 -218 0
-49 -219 0
-50 -220 0
-46 -221 0
-47 -222 0
-48 -223 0
-49 -224 0
-50 -225 0
-46 -231 0
-47 -232 0
-48 -233 0
-49 -234 0
-50 -235 0
-46 -236 0
-47 -237 0
-48 -238 0
-49 -239 0
-50 -240 0
-46 -241 0
-47 -242 0
-48 -243 0
-49 -244 0
-50 -245 0
-46 -246 0
-47 -247 0
-48 -248 0
-49 -249 0
-50 -250 0
-51 -56 0
-52 -57 0
-53 -58 0
-54 -59 0
-55 -60 0
-51 -61 0
-52 -62 0
-53 -63 0
-54 -64 0
-55 -65 0
-51 -66 0
-52 -67 0
-53 -68 0
-54 -69 0
-55 -70 0
-51 -71 0
-52 -72 0
-53 -73 0
-54 -74 0
-55 -75 0
-51 -81 0
-52 -82 0
-53 -83 0
-54 -84 0
-55 -85 0
-51 -86 0
-52 -87 0
-53 -88 0
-54 -89 0
-55 -90 0
-51 -91 0
-52 -92 0
-53 -93 0
-54 -94 0
-55 -95 0
-51 -96 0
-52 -97 0
-53 -98 0
-54 -99 0
-55 -100 0
-51 -101 0
-52 -102 0
-53 -103 0
-54 -104 0
-55 -105 0
-51 -116 0
-52 -117 0
-53 -118 0
-54 -119 0
-55 -120 0
-51 -121 0
-52 -122 0
-53 -123 0
-54 -124 0
-55 -125 0
-51 -131 0
-52 -132 0
-53 -133 0
-54 -134 0
-55 -135 0
-51 -136 0
-52 -137 0
-53 -138 0
-54 -139 0
-55 -140 0
-51 -141 0
-52 -142 0
-53 -143 0
-54 -144 0
-55 -145 0
-51 -151 0
-52 -152 0
-53 -153 0
-54 -154 0
-55 -155 0
-51 -161 0
-52 -162 0
-53 -163 0
-54 -164 0
-55 -165 0
-51 -166 0
-52 -167 0
-53 -168 0
-54 -169 0
-55 -170 0
-51 -171 0
-52 -172 0
-53 -173 0
-54 -174 0
-55 -175 0
-51 -176 0
-52 -177 0
-53 -178 0
-54 -179 0
-55 -180 0
-51 -186 0
-52 -187 0
-53 -188 0
-54 -189 0
-55 -190 0
-51 -191 0
-52 -192 0
-53 -193 0
-54 -194 0
-55 -195 0
-51 -196 0
-52 -197 0
-53 -198 0
-54 -199 0
-55 -200 0
-51 -201 0
-52 -202 0
-53 -203 0
-54 -204 0
-55 -205 0
-51 -206 0
-52 -207 0
-53 -208 0
-54 -209 0
-55 -210 0
-51 -211 0
-52 -212 0
-53 -213 0
-54 -214 0
-55 -215 0
-51 -216 0
-52 -217 0
-53 -218 0
-54 -219 0
-55 -220 0
-51 -226 0
-52 -227 0
-53 -228 0
-54 -229 0
-55 -230 0
-51 -231 0
-52 -232 0
-53 -233 0
-54 -234 0
-55 -235 0
-56 -61 0
-57 -62 0
-58 -63 0
-59 -64 0
-60 -65 0
-56 -66 0
-57 -67 0
-58 -68 0
-59 -69 0
-60 -70 0
-56 -71 0
-57 -72 0
-58 -73 0
-59 -74 0
-60 -75 0
-56 -76 0
-57 -77 0
-58 -78 0
-59 -79 0
-60 -80 0
-56 -81 0
-57 -82 0
-58 -83 0
-59 -84 0
-60 -85 0
-56 -91 0
-57 -92 0
-58 -93 0
-59 -94 0
-60 -95 0
-56 -96 0
-57 -97 0
-58 -98 0
-59 -99 0
-60 -100 0
-56 -101 0
-57 -102 0
-58 -103 0
-59 -104 0
-60 -105 0
-56 -111 0
-57 -112 0
-58 -113 0
-59 -114 0
-60 -115 0
-56 -116 0
-57 -117 0
-58 -118 0
-59 -119 0
-60 -120 0
-56 -121 0
-57 -122 0
-58 -123 0
-59 -124 0
-60 -125 0
-56 -126 0
-57 -127 0
-58 -128 0
-59 -129 0
-60 -130 0
-56 -131 0
-57 -132 0
-58 -133 0
-59 -134 0
-60 -135 0
-56 -136 0
-57 -137 0
-58 -138 0
-59 -139 0
-60 -140 0
-56 -141 0
-57 -142 0
-58 -143 0
-59 -144 0
-60 -145 0
-56 -151 0
-57 -152 0
-58 -153 0
-59 -154 0
-60 -155 0
-56 -156 0
-57 -157 0
-58 -158 0
-59 -159 0
-60 -160 0
-56 -161 0
-57 -162 0
-58 -163 0
-59 -164 0
-60 -165 0
-56 -166 0
-57 -167 0
-58 -168 0
-59 -169 0
-60 -170 0
-56 -171 0
-57 -172 0
-58 -173 0
-59 -174 0
-60 -175 0
-56 -181 0
-57 -182 0
-58 -183 0
-59 -184 0
-60 -185 0
-56 -191 0
-57 -192 0
-58 -193 0
-59 -194 0
-60 -195 0
-56 -196 0
-57 -197 0
-58 -198 0
-59 -199 0
-60 -200 0
-56 -201 0
-57 -202 0
-58 -203 0
-59 -204 0
-60 -205 0
-56 -206 0
-57 -207 0
-58 -208 0
-59 -209 0
-60 -210 0
-56 -211 0
-57 -212 0
-58 -213 0
-59 -214 0
-60 -215 0
-56 -216 0
-57 -217 0
-58 -218 0
-59 -219 0
-60 -220 0
-56 -221 0
-57 -222 0
-58 -223 0
-59 -224 0
-60 -225 0
-56 -226 0
-57 -227 0
-58 -228 0
-59 -229 0
-60 -230 0
-56 -231 0
-57 -232 0
-58 -233 0
-59 -234 0
-60 -235 0
-56 -236 0
-57 -237 0
-58 -238 0
-59 -239 0
-60 -240 0
-56 -241 0
-57 -242 0
-58 -243 0
-59 -244 0
-60 -245 0
-56 -246 0
-57 -247 0
-58 -248 0
-59 -249 0
-60 -250 0
-61 -71 0
-62 -72 0
-63 -73 0
-64 -74 0
-65 -75 0
-61 -76 0
-62 -77 0
-63 -78 0
-64 -79 0
-65 -80 0
-61 -81 0
-62 -82 0
-63 -83 0
-64 -84 0
-65 -85 0
-61 -86 0
-62 -87 0
-63 -88 0
-64 -89 0
-65 -90 0
-61 -91 0
-62 -92 0
-63 -93 0
-64 -94 0
-65 -95 0
-61 -96 0
-62 -97 0
-63 -98 0
-64 -99 0
-65 -100 0
-61 -111 0
-62 -112 0
-63 -113 0
-64 -114 0
-65 -115 0
-61 -121 0
-62 -122 0
-63 -123 0
-64 -124 0
-65 -125 0
-61 -126 0
-62 -127 0
-63 -128 0
-64 -129 0
-65 -130 0
-61 -136 0
-62 -137 0
-63 -138 0
-64 -139 0
-65 -140 0
-61 -141 0
-62 -142 0
-63 -143 0
-64 -144 0
-65 -145 0
-61 -146 0
-62 -147 0
-63 -148 0
-64 -149 0
-65 -150 0
-61 -151 0
-62 -152 0
-63 -153 0
-64 -154 0
-65 -155 0
-61 -156 0
-62 -157 0
-63 -158 0
-64 -159 0
-65 -160 0
-61 -161 0
-62 -162 0
-63 -163 0
-64 -164 0
-65 -165 0
-61 -166 0
-62 -167 0
-63 -168 0
-64 -169 0
-65 -170 0
-61 -171 0
-62 -172 0
-63 -173 0
-64 -174 0
-65 -175 0
-61 -181 0
-62 -182 0
-63 -183 0
-64 -184 0
-65 -185 0
-61 -206 0
-62 -207 0
-63 -208 0
-64 -209 0
-65 -210 0
-61 -211 0
-62 -212 0
-63 -213 0
-64 -214 0
-65 -215 0
-61 -216 0
-62 -217 0
-63 -218 0
-64 -219 0
-65 -220 0
-61 -226 0
-62 -227 0
-63 -228 0
-64 -229 0
-65 -230 0
-61 -231 0
-62 -232 0
-63 -233 0
-64 -234 0
-65 -235 0
-61 -236 0
-62 -237 0
-63 -238 0
-64 -239 0
-65 -240 0
-61 -241 0
-62 -242 0
-63 -243 0
-64 -244 0
-65 -245 0
-61 -246 0
-62 -247 0
-63 -248 0
-64 -249 0
-65 -250 0
-66 -71 0
-67 -72 0
-68 -73 0
-69 -74 0
-70 -75 0
-66 -86 0
-67 -87 0
-68 -88 0
-69 -89 0
-70 -90 0
-66 -91 0
-67 -92 0
-68 -93 0
-69 -94 0
-70 -95 0
-66 -101 0
-67 -102 0
-68 -103 0
-69 -104 0
-70 -105 0
-66 -106 0
-67 -107 0
-68 -108 0
-69 -109 0
-70 -110 0
-66 -131 0
-67 -132 0
-68 -133 0
-69 -134 0
-70 -135 0
-66 -136 0
-67 -137 0
-68 -138 0
-69 -139 0
-70 -140 0
-66 -141 0
-67 -142 0
-68 -143 0
-69 -144 0
-70 -145 0
-66 -146 0
-67 -147 0
-68 -148 0
-69 -149 0
-70 -150 0
-66 -151 0
-67 -152 0
-68 -153 0
-69 -154 0
-70 -155 0
-66 -161 0
-67 -162 0
-68 -163 0
-69 -164 0
-70 -165 0
-66 -171 0
-67 -172 0
-68 -173 0
-69 -174 0
-70 -175 0
-66 -176 0
-67 -177 0
-68 -178 0
-69 -179 0
-70 -180 0
-66 -181 0
-67 -182 0
-68 -183 0
-69 -184 0
-70 -185 0
-66 -186 0
-67 -187 0
-68 -188 0
-69 -189 0
-70 -190 0
-66 -196 0
-67 -197 0
-68 -198 0
-69 -199 0
-70 -200 0
-66 -201 0
-67 -202 0
-68 -203 0
-69 -204 0
-70 -205 0
-66 -211 0
-67 -212 0
-68 -213 0
-69 -214 0
-70 -215 0
-66 -216 0
-67 -217 0
-68 -218 0
-69 -219 0
-70 -220 0
-66 -236 0
-67 -237 0
-68 -238 0
-69 -239 0
-70 -240 0
-66 -241 0
-67 -242 0
-68 -243 0
-69 -244 0
-70 -245 0
-71 -76 0
-72 -77 0
-73 -78 0
-74 -79 0
-75 -80 0
-71 -81 0
-72 -82 0
-73 -83 0
-74 -84 0
-75 -85 0
-71 -86 0
-72 -87 0
-73 -88 0
-74 -89 0
-75 -90 0
-71 -91 0
-72 -92 0
-73 -93 0
-74 -94 0
-75 -95 0
-71 -101 0
-72 -102 0
-73 -103 0
-74 -104 0
-75 -105 0
-71 -106 0
-72 -107 0
-73 -108 0
-74 -109 0
-75 -110 0
-71 -111 0
-72 -112 0
-73 -113 0
-74 -114 0
-75 -115 0
-71 -116 0
-72 -117 0
-73 -118 0
-74 -119 0
-75 -120 0
-71 -121 0
-72 -122 0
-73 -123 0
-74 -124 0
-75 -125 0
-71 -126 0
-72 -127 0
-73 -128 0
-74 -129 0
-75 -130 0
-71 -131 0
-72 -132 0
-73 -133 0
-74 -134 0
-75 -135 0
-71 -136 0
-72 -137 0
-73 -138 0
-74 -139 0
-75 -140 0
-71 -146 0
-72 -147 0
-73 -148 0
-74 -149 0
-75 -150 0
-71 -156 0
-72 -157 0
-73 -158 0
-74 -159 0
-75 -160 0
-71 -161 0
-72 -162 0
-73 -163 0
-74 -164 0
-75 -165 0
-71 -176 0
-72 -177 0
-73 -178 0
-74 -179 0
-75 -180 0
-71 -181 0
-72 -182 0
-73 -183 0
-74 -184 0
-75 -185 0
-71 -186 0
-72 -187 0
-73 -188 0
-74 -189 0
-75 -190 0
-71 -191 0
-72 -192 0
-73 -193 0
-74 -194 0
-75 -195 0
-71 -201 0
-72 -202 0
-73 -203 0
-74 -204 0
-75 -205 0
-71 -206 0
-72 -207 0
-73 -208 0
-74 -209 0
-75 -210 0
-71 -211 0
-72 -212 0
-73 -213 0
-74 -214 0
-75 -215 0
-71 -216 0
-72 -217 0
-73 -218 0
-74 -219 0
-75 -220 0
-71 -221 0
-72 -222 0
-73 -223 0
-74 -224 0
-75 -225 0
-71 -236 0
-72 -237 0
-73 -238 0
-74 -239 0
-75 -240 0
-71 -246 0
-72 -247 0
-73 -248 0
-74 -249 0
-75 -250 0
-76 -86 0
-77 -87 0
-78 -88 0
-79 -89 0
-80 -90 0
-76 -91 0
-77 -92 0
-78 -93 0
-79 -94 0
-80 -95 0
-76 -96 0
-77 -97 0
-78 -98 0
-79 -99 0
-80 -100 0
-76 -101 0
-77 -102 0
-78 -103 0
-79 -104 0
-80 -105 0
-76 -106 0
-77 -107 0
-78 -108 0
-79 -109 0
-80 -110 0
-76 -111 0
-77 -112 0
-78 -113 0
-79 -114 0
-80 -115 0
-76 -116 0
-77 -117 0
-78 -118 0
-79 -119 0
-80 -120 0
-76 -121 0
-77 -122 0
-78 -123 0
-79 -124 0
-80 -125 0
-76 -126 0
-77 -127 0
-78 -128 0
-79 -129 0
-80 -130 0
-76 -131 0
-77 -132 0
-78 -133 0
-79 -134 0
-80 -135 0
-76 -146 0
-77 -147 0
-78 -148 0
-79 -149 0
-80 -150 0
-76 -156 0
-77 -157 0
-78 -158 0
-79 -159 0
-80 -160 0
-76 -161 0
-77 -162 0
-78 -163 0
-79 -164 0
-80 -165 0
-76 -166 0
-77 -167 0
-78 -168 0
-79 -169 0
-80 -170 0
-76 -171 0
-77 -172 0
-78 -173 0
-79 -174 0
-80 -175 0
-76 -176 0
-77 -177 0
-78 -178 0
-79 -179 0
-80 -180 0
-76 -181 0
-77 -182 0
-78 -183 0
-79 -184 0
-80 -185 0
-76 -186 0
-77 -187 0
-78 -188 0
-79 -189 0
-80 -190 0
-76 -191 0
-77 -192 0
-78 -193 0
-79 -194 0
-80 -195 0
-76 -196 0
-77 -197 0
-78 -198 0
-79 -199 0
-80 -200 0
-76 -211 0
-77 -212 0
-78 -213 0
-79 -214 0
-80 -215 0
-76 -216 0
-77 -217 0
-78 -218 0
-79 -219 0
-80 -220 0
-76 -221 0
-77 -222 0
-78 -223 0
-79 -224 0
-80 -225 0
-76 -226 0
-77 -227 0
-78 -228 0
-79 -229 0
-80 -230 0
-76 -231 0
-77 -232 0
-78 -233 0
-79 -234 0
-80 -235 0
-76 -236 0
-77 -237 0
-78 -238 0
-79 -239 0
-80 -240 0
-76 -241 0
-77 -242 0
-78 -243 0
-79 -244 0
-80 -245 0
-76 -246 0
-77 -247 0
-78 -248 0
-79 -249 0
-80 -250 0
-81 -86 0
-82 -87 0
-83 -88 0
-84 -89 0
-85 -90 0
-81 -91 0
-82 -92 0
-83 -93 0
-84 -94 0
-85 -95 0
-81 -101 0
-82 -102 0
-83 -103 0
-84 -104 0
-85 -105 0
-81 -106 0
-82 -107 0
-83 -108 0
-84 -109 0
-85 -110 0
-81 -111 0
-82 -112 0
-83 -113 0
-84 -114 0
-85 -115 0
-81 -116 0
-82 -117 0
-83 -118 0
-84 -119 0
-85 -120 0
-81 -131 0
-82 -132 0
-83 -133 0
-84 -134 0
-85 -135 0
-81 -136 0
-82 -137 0
-83 -138 0
-84 -139 0
-85 -140 0
-81 -141 0
-82 -142 0
-83 -143 0
-84 -144 0
-85 -145 0
-81 -146 0
-82 -147 0
-83 -148 0
-84 -149 0
-85 -150 0
-81 -156 0
-82 -157 0
-83 -158 0
-84 -159 0
-85 -160 0
-81 -161 0
-82 -162 0
-83 -163 0
-84 -164 0
-85 -165 0
-81 -166 0
-82 -167 0
-83 -168 0
-84 -169 0
-85 -170 0
-81 -171 0
-82 -172 0
-83 -173 0
-84 -174 0
-85 -175 0
-81 -176 0
-82 -177 0
-83 -178 0
-84 -179 0
-85 -180 0
-81 -196 0
-82 -197 0
-83 -198 0
-84 -199 0
-85 -200 0
-81 -201 0
-82 -202 0
-83 -203 0
-84 -204 0
-85 -205 0
-81 -206 0
-82 -207 0
-83 -208 0
-84 -209 0
-85 -210 0
-81 -211 0
-82 -212 0
-83 -213 0
-84 -214 0
-85 -215 0
-81 -216 0
-82 -217 0
-83 -218 0
-84 -219 0
-85 -220 0
-81 -231 0
-82 -232 0
-83 -233 0
-84 -234 0
-85 -235 0
-81 -241 0
-82 -242 0
-83 -243 0
-84 -244 0
-85 -245 0
-81 -246 0
-82 -247 0
-83 -248 0
-84 -249 0
-85 -250 0
-86 -91 0
-87 -92 0
-88 -93 0
-89 -94 0
-90 -95 0
-86 -96 0
-87 -97 0
-88 -98 0
-89 -99 0
-90 -100 0
-86 -101 0
-87 -102 0
-88 -103 0
-89 -104 0
-90 -105 0
-86 -106 0
-87 -107 0
-88 -108 0
-89 -109 0
-90 -110 0
-86 -111 0
-87 -112 0
-88 -113 0
-89 -114 0
-90 -115 0
-86 -121 0
-87 -122 0
-88 -123 0
-89 -124 0
-90 -125 0
-86 -126 0
-87 -127 0
-88 -128 0
-89 -129 0
-90 -130 0
-86 -131 0
-87 -132 0
-88 -133 0
-89 -134 0
-90 -135 0
-86 -141 0
-87 -142 0
-88 -143 0
-89 -144 0
-90 -145 0
-86 -151 0
-87 -152 0
-88 -153 0
-89 -154 0
-90 -155 0
-86 -156 0
-87 -157 0
-88 -158 0
-89 -159 0
-90 -160 0
-86 -161 0
-87 -162 0
-88 -163 0
-89 -164 0
-90 -165 0
-86 -171 0
-87 -172 0
-88 -173 0
-89 -174 0
-90 -175 0
-86 -181 0
-87 -182 0
-88 -183 0
-89 -184 0
-90 -185 0
-86 -186 0
-87 -187 0
-88 -188 0
-89 -189 0
-90 -190 0
-86 -191 0
-87 -192 0
-88 -193 0
-89 -194 0
-90 -195 0
-86 -201 0
-87 -202 0
-88 -203 0
-89 -204 0
-90 -205 0
-86 -206 0
-87 -207 0
-88 -208 0
-89 -209 0
-90 -210 0
-86 -211 0
-87 -212 0
-88 -213 0
-89 -214 0
-90 -215 0
-86 -216 0
-87 -217 0
-88 -218 0
-89 -219 0
-90 -220 0
-86 -231 0
-87 -232 0
-88 -233 0
-89 -234 0
-90 -235 0
-86 -236 0
-87 -237 0
-88 -238 0
-89 -239 0
-90 -240 0
-86 -241 0
-87 -242 0
-88 -243 0
-89 -244 0
-90 -245 0
-86 -246 0
-87 -247 0
-88 -248 0
-89 -249 0
-90 -250 0
-91 -96 0
-92 -97 0
-93 -98 0
-94 -99 0
-95 -100 0
-91 -111 0
-92 -112 0
-93 -113 0
-94 -114 0
-95 -115 0
-91 -116 0
-92 -117 0
-93 -118 0
-94 -119 0
-95 -120 0
-91 -121 0
-92 -122 0
-93 -123 0
-94 -124 0
-95 -125 0
-91 -126 0
-92 -127 0
-93 -128 0
-94 -129 0
-95 -130 0
-91 -136 0
-92 -137 0
-93 -138 0
-94 -139 0
-95 -140 0
-91 -141 0
-92 -142 0
-93 -143 0
-94 -144 0
-95 -145 0
-91 -146 0
-92 -147 0
-93 -148 0
-94 -149 0
-95 -150 0
-91 -151 0
-92 -152 0
-93 -153 0
-94 -154 0
-95 -155 0
-91 -156 0
-92 -157 0
-93 -158 0
-94 -159 0
-95 -160 0
-91 -161 0
-92 -162 0
-93 -163 0
-94 -164 0
-95 -165 0
-91 -166 0
-92 -167 0
-93 -168 0
-94 -169 0
-95 -170 0
-91 -171 0
-92 -172 0
-93 -173 0
-94 -174 0
-95 -175 0
-91 -176 0
-92 -177 0
-93 -178 0
-94 -179 0
-95 -180 0
-91 -181 0
-92 -182 0
-93 -183 0
-94 -184 0
-95 -185 0
-91 -186 0
-92 -187 0
-93 -188 0
-94 -189 0
-95 -190 0
-91 -196 0
-92 -197 0
-93 -198 0
-94 -199 0
-95 -200 0
-91 -206 0
-92 -207 0
-93 -208 0
-94 -209 0
-95 -210 0
-91 -211 0
-92 -212 0
-93 -213 0
-94 -214 0
-95 -215 0
-91 -216 0
-92 -217 0
-93 -218 0
-94 -219 0
-95 -220 0
-91 -221 0
-92 -222 0
-93 -223 0
-94 -224 0
-95 -225 0
-91 -226 0
-92 -227 0
-93 -228 0
-94 -229 0
-95 -230 0
-91 -231 0
-92 -232 0
-93 -233 0
-94 -234 0
-95 -235 0
-91 -236 0
-92 -237 0
-93 -238 0
-94 -239 0
-95 -240 0
-91 -241 0
-92 -242 0
-93 -243 0
-94 -244 0
-95 -245 0
-96 -101 0
-97 -102 0
-98 -103 0
-99 -104 0
-100 -105 0
-96 -106 0
-97 -107 0
-98 -108 0
-99 -109 0
-100 -110 0
-96 -111 0
-97 -112 0
-98 -113 0
-99 -114 0
-100 -115 0
-96 -116 0
-97 -117 0
-98 -118 0
-99 -119 0
-100 -120 0
-96 -121 0
-97 -122 0
-98 -123 0
-99 -124 0
-100 -125 0
-96 -126 0
-97 -127 0
-98 -128 0
-99 -129 0
-100 -130 0
-96 -136 0
-97 -137 0
-98 -138 0
-99 -139 0
-100 -140 0
-96 -141 0
-97 -142 0
-98 -143 0
-99 -144 0
-100 -145 0
-96 -146 0
-97 -147 0
-98 -148 0
-99 -149 0
-100 -150 0
-96 -151 0
-97 -152 0
-98 -153 0
-99 -154 0
-100 -155 0
-96 -156 0
-97 -157 0
-98 -158 0
-99 -159 0
-100 -160 0
-96 -166 0
-97 -167 0
-98 -168 0
-99 -169 0
-100 -170 0
-96 -176 0
-97 -177 0
-98 -178 0
-99 -179 0
-100 -180 0
-96 -181 0
-97 -182 0
-98 -183 0
-99 -184 0
-100 -185 0
-96 -186 0
-97 -187 0
-98 -188 0
-99 -189 0
-100 -190 0
-96 -191 0
-97 -192 0
-98 -193 0
-99 -194 0
-100 -195 0
-96 -196 0
-97 -197 0
-98 -198 0
-99 -199 0
-100 -200 0
-96 -201 0
-97 -202 0
-98 -203 0
-99 -204 0
-100 -205 0
-96 -206 0
-97 -207 0
-98 -208 0
-99 -209 0
-100 -210 0
-96 -211 0
-97 -212 0
-98 -213 0
-99 -214 0
-100 -215 0
-96 -221 0
-97 -222 0
-98 -223 0
-99 -224 0
-100 -225 0
-96 -226 0
-97 -227 0
-98 -228 0
-99 -229 0
-100 -230 0
-96 -236 0
-97 -237 0
-98 -238 0
-99 -239 0
-100 -240 0
-96 -241 0
-97 -242 0
-98 -243 0
-99 -244 0
-100 -245 0
-96 -246 0
-97 -247 0
-98 -248 0
-99 -249 0
-100 -250 0
-101 -106 0
-102 -107 0
-103 -108 0
-104 -109 0
-105 -110 0
-101 -111 0
-102 -112 0
-103 -113 0
-104 -114 0
-105 -115 0
-101 -131 0
-102 -132 0
-103 -133 0
-104 -134 0
-105 -135 0
-101 -136 0
-102 -137 0
-103 -138 0
-104 -139 0
-105 -140 0
-101 -146 0
-102 -147 0
-103 -148 0
-104 -149 0
-105 -150 0
-101 -151 0
-102 -152 0
-103 -153 0
-104 -154 0
-105 -155 0
-101 -156 0
-102 -157 0
-103 -158 0
-104 -159 0
-105 -160 0
-101 -161 0
-102 -162 0
-103 -163 0
-104 -164 0
-105 -165 0
-101 -181 0
-102 -182 0
-103 -183 0
-104 -184 0
-105 -185 0
-101 -186 0
-102 -187 0
-103 -188 0
-104 -189 0
-105 -190 0
-101 -191 0
-102 -192 0
-103 -193 0
-104 -194 0
-105 -195 0
-101 -201 0
-102 -202 0
-103 -203 0
-104 -204 0
-105 -205 0
-101 -211 0
-102 -212 0
-103 -213 0
-104 -214 0
-105 -215 0
-101 -216 0
-102 -217 0
-103 -218 0
-104 -219 0
-105 -220 0
-101 -221 0
-102 -222 0
-103 -223 0
-104 -224 0
-105 -225 0
-101 -226 0
-102 -227 0
-103 -228 0
-104 -229 0
-105 -230 0
-101 -231 0
-102 -232 0
-103 -233 0
-104 -234 0
-105 -235 0
-101 -241 0
-102 -242 0
-103 -243 0
-104 -244 0
-105 -245 0
-106 -116 0
-107 -117 0
-108 -118 0
-109 -119 0
-110 -120 0
-106 -121 0
-107 -122 0
-108 -123 0
-109 -124 0
-110 -125 0
-106 -126 0
-107 -127 0
-108 -128 0
-109 -129 0
-110 -130 0
-106 -136 0
-107 -137 0
-108 -138 0
-109 -139 0
-110 -140 0
-106 -141 0
-107 -142 0
-108 -143 0
-109 -144 0
-110 -145 0
-106 -146 0
-107 -147 0
-108 -148 0
-109 -149 0
-110 -150 0
-106 -151 0
-107 -152 0
-108 -153 0
-109 -154 0
-110 -155 0
-106 -161 0
-107 -162 0
-108 -163 0
-109 -164 0
-110 -165 0
-106 -166 0
-107 -167 0
-108 -168 0
-109 -169 0
-110 -170 0
-106 -176 0
-107 -177 0
-108 -178 0
-109 -179 0
-110 -180 0
-106 -181 0
-107 -182 0
-108 -183 0
-109 -184 0
-110 -185 0
-106 -186 0
-107 -187 0
-108 -188 0
-109 -189 0
-110 -190 0
-106 -191 0
-107 -192 0
-108 -193 0
-109 -194 0
-110 -195 0
-106 -196 0
-107 -197 0
-108 -198 0
-109 -199 0
-110 -200 0
-106 -201 0
-107 -202 0
-108 -203 0
-109 -204 0
-110 -205 0
-106 -206 0
-107 -207 0
-108 -208 0
-109 -209 0
-110 -210 0
-106 -216 0
-107 -217 0
-108 -218 0
-109 -219 0
-110 -220 0
-106 -221 0
-107 -222 0
-108 -223 0
-109 -224 0
-110 -225 0
-106 -226 0
-107 -227 0
-108 -228 0
-109 -229 0
-110 -230 0
-106 -231 0
-107 -232 0
-108 -233 0
-109 -234 0
-110 -235 0
-106 -236 0
-107 -237 0
-108 -238 0
-109 -239 0
-110 -240 0
-106 -241 0
-107 -242 0
-108 -243 0
-109 -244 0
-110 -245 0
-106 -246 0
-107 -247 0
-108 -248 0
-109 -249 0
-110 -250 0
-111 -116 0
-112 -117 0
-113 -118 0
-114 -119 0
-115 -120 0
-111 -121 0
-112 -122 0
-113 -123 0
-114 -124 0
-115 -125 0
-111 -126 0
-112 -127 0
-113 -128 0
-114 -129 0
-115 -130 0
-111 -131 0
-112 -132 0
-113 -133 0
-114 -134 0
-115 -135 0
-111 -136 0
-112 -137 0
-113 -138 0
-114 -139 0
-115 -140 0
-111 -151 0
-112 -152 0
-113 -153 0
-114 -154 0
-115 -155 0
-111 -156 0
-112 -157 0
-113 -158 0
-114 -159 0
-115 -160 0
-111 -161 0
-112 -162 0
-113 -163 0
-114 -164 0
-115 -165 0
-111 -166 0
-112 -167 0
-113 -168 0
-114 -169 0
-115 -170 0
-111 -176 0
-112 -177 0
-113 -178 0
-114 -179 0
-115 -180 0
-111 -181 0
-112 -182 0
-113 -183 0
-114 -184 0
-115 -185 0
-111 -186 0
-112 -187 0
-113 -188 0
-114 -189 0
-115 -190 0
-111 -191 0
-112 -192 0
-113 -193 0
-114 -194 0
-115 -195 0
-111 -196 0
-112 -197 0
-113 -198 0
-114 -199 0
-115 -200 0
-111 -201 0
-112 -202 0
-113 -203 0
-114 -204 0
-115 -205 0
-111 -206 0
-112 -207 0
-113 -208 0
-114 -209 0
-115 -210 0
-111 -211 0
-112 -212 0
-113 -213 0
-114 -214 0
-115 -215 0
-111 -216 0
-112 -217 0
-113 -218 0
-114 -219 0
-115 -220 0
-111 -226 0
-112 -227 0
-113 -228 0
-114 -229 0
-115 -230 0
-111 -231 0
-112 -232 0
-113 -233 0
-114 -234 0
-115 -235 0
-111 -236 0
-112 -237 0
-113 -238 0
-114 -239 0
-115 -240 0
-111 -241 0
-112 -242 0
-113 -243 0
-114 -244 0
-115 -245 0
-116 -121 0
-117 -122 0
-118 -123 0
-119 -124 0
-120 -125 0
-116 -126 0
-117 -127 0
-118 -128 0
-119 -129 0
-120 -130 0
-116 -146 0
-117 -147 0
-118 -148 0
-119 -149 0
-120 -150 0
-116 -156 0
-117 -157 0
-118 -158 0
-119 -159 0
-120 -160 0
-116 -161 0
-117 -162 0
-118 -163 0
-119 -164 0
-120 -165 0
-116 -166 0
-117 -167 0
-118 -168 0
-119 -169 0
-120 -170 0
-116 -176 0
-117 -177 0
-118 -178 0
-119 -179 0
-120 -180 0
-116 -181 0
-117 -182 0
-118 -183 0
-119 -184 0
-120 -185 0
-116 -186 0
-117 -187 0
-118 -188 0
-119 -189 0
-120 -190 0
-116 -191 0
-117 -192 0
-118 -193 0
-119 -194 0
-120 -195 0
-116 -206 0
-117 -207 0
-118 -208 0
-119 -209 0
-120 -210 0
-116 -211 0
-117 -212 0
-118 -213 0
-119 -214 0
-120 -215 0
-116 -216 0
-117 -217 0
-118 -218 0
-119 -219 0
-120 -220 0
-116 -221 0
-117 -222 0
-118 -223 0
-119 -224 0
-120 -225 0
-116 -231 0
-117 -232 0
-118 -233 0
-119 -234 0
-120 -235 0
-116 -236 0
-117 -237 0
-118 -238 0
-119 -239 0
-120 -240 0
-116 -241 0
-117 -242 0
-118 -243 0
-119 -244 0
-120 -245 0
-116 -246 0
-117 -247 0
-118 -248 0
-119 -249 0
-120 -250 0
-121 -131 0
-122 -132 0
-123 -133 0
-124 -134 0
-125 -135 0
-121 -136 0
-122 -137 0
-123 -138 0
-124 -139 0
-125 -140 0
-121 -141 0
-122 -142 0
-123 -143 0
-124 -144 0
-125 -145 0
-121 -146 0
-122 -147 0
-123 -148 0
-124 -149 0
-125 -150 0
-121 -156 0
-122 -157 0
-123 -158 0
-124 -159 0
-125 -160 0
-121 -161 0
-122 -162 0
-123 -163 0
-124 -164 0
-125 -165 0
-121 -176 0
-122 -177 0
-123 -178 0
-124 -179 0
-125 -180 0
-121 -181 0
-122 -182 0
-123 -183 0
-124 -184 0
-125 -185 0
-121 -186 0
-122 -187 0
-123 -188 0
-124 -189 0
-125 -190 0
-121 -191 0
-122 -192 0
-123 -193 0
-124 -194 0
-125 -195 0
-121 -201 0
-122 -202 0
-123 -203 0
-124 -204 0
-125 -205 0
-121 -206 0
-122 -207 0
-123 -208 0
-124 -209 0
-125 -210 0
-121 -211 0
-122 -212 0
-123 -213 0
-124 -214 0
-125 -215 0
-121 -216 0
-122 -217 0
-123 -218 0
-124 -219 0
-125 -220 0
-121 -221 0
-122 -222 0
-123 -223 0
-124 -224 0
-125 -225 0
-121 -231 0
-122 -232 0
-123 -233 0
-124 -234 0
-125 -235 0
-121 -236 0
-122 -237 0
-123 -238 0
-124 -239 0
-125 -240 0
-121 -241 0
-122 -242 0
-123 -243 0
-124 -244 0
-125 -245 0
-121 -246 0
-122 -247 0
-123 -248 0
-124 -249 0
-125 -250 0
-126 -131 0
-127 -132 0
-128 -133 0
-129 -134 0
-130 -135 0
-126 -136 0
-127 -137 0
-128 -138 0
-129 -139 0
-130 -140 0
-126 -141 0
-127 -142 0
-128 -143 0
-129 -144 0
-130 -145 0
-126 -156 0
-127 -157 0
-128 -158 0
-129 -159 0
-130 -160 0
-126 -161 0
-127 -162 0
-128 -163 0
-129 -164 0
-130 -165 0
-126 -166 0
-127 -167 0
-128 -168 0
-129 -169 0
-130 -170 0
-126 -171 0
-127 -172 0
-128 -173 0
-129 -174 0
-130 -175 0
-126 -186 0
-127 -187 0
-128 -188 0
-129 -189 0
-130 -190 0
-126 -206 0
-127 -207 0
-128 -208 0
-129 -209 0
-130 -210 0
-126 -216 0
-127 -217 0
-128 -218 0
-129 -219 0
-130 -220 0
-126 -221 0
-127 -222 0
-128 -223 0
-129 -224 0
-130 -225 0
-126 -231 0
-127 -232 0
-128 -233 0
-129 -234 0
-130 -235 0
-126 -236 0
-127 -237 0
-128 -238 0
-129 -239 0
-130 -240 0
-126 -241 0
-127 -242 0
-128 -243 0
-129 -244 0
-130 -245 0
-126 -246 0
-127 -247 0
-128 -248 0
-129 -249 0
-130 -250 0
-131 -136 0
-132 -137 0
-133 -138 0
-134 -139 0
-135 -140 0
-131 -151 0
-132 -152 0
-133 -153 0
-134 -154 0
-135 -155 0
-131 -161 0
-132 -162 0
-133 -163 0
-134 -164 0
-135 -165 0
-131 -171 0
-132 -172 0
-133 -173 0
-134 -174 0
-135 -175 0
-131 -176 0
-132 -177 0
-133 -178 0
-134 -179 0
-135 -180 0
-131 -181 0
-132 -182 0
-133 -183 0
-134 -184 0
-135 -185 0
-131 -186 0
-132 -187 0
-133 -188 0
-134 -189 0
-135 -190 0
-131 -191 0
-132 -192 0
-133 -193 0
-134 -194 0
-135 -195 0
-131 -201 0
-132 -202 0
-133 -203 0
-134 -204 0
-135 -205 0
-131 -206 0
-132 -207 0
-133 -208 0
-134 -209 0
-135 -210 0
-131 -211 0
-132 -212 0
-133 -213 0
-134 -214 0
-135 -215 0
-131 -216 0
-132 -217 0
-133 -218 0
-134 -219 0
-135 -220 0
-131 -221 0
-132 -222 0
-133 -223 0
-134 -224 0
-135 -225 0
-131 -226 0
-132 -227 0
-133 -228 0
-134 -229 0
-135 -230 0
-131 -231 0
-132 -232 0
-133 -233 0
-134 -234 0
-135 -235 0
-131 -236 0
-132 -237 0
-133 -238 0
-134 -239 0
-135 -240 0
-131 -246 0
-132 -247 0
-133 -248 0
-134 -249 0
-135 -250 0
-136 -141 0
-137 -142 0
-138 -143 0
-139 -144 0
-140 -145 0
-136 -156 0
-137 -157 0
-138 -158 0
-139 -159 0
-140 -160 0
-136 -161 0
-137 -162 0
-138 -163 0
-139 -164 0
-140 -165 0
-136 -166 0
-137 -167 0
-138 -168 0
-139 -169 0
-140 -170 0
-136 -176 0
-137 -177 0
-138 -178 0
-139 -179 0
-140 -180 0
-136 -181 0
-137 -182 0
-138 -183 0
-139 -184 0
-140 -185 0
-136 -186 0
-137 -187 0
-138 -188 0
-139 -189 0
-140 -190 0
-136 -191 0
-137 -192 0
-138 -193 0
-139 -194 0
-140 -195 0
-136 -196 0
-137 -197 0
-138 -198 0
-139 -199 0
-140 -200 0
-136 -201 0
-137 -202 0
-138 -203 0
-139 -204 0
-140 -205 0
-136 -206 0
-137 -207 0
-138 -208 0
-139 -209 0
-140 -210 0
-136 -211 0
-137 -212 0
-138 -213 0
-139 -214 0
-140 -215 0
-136 -221 0
-137 -222 0
-138 -223 0
-139 -224 0
-140 -225 0
-136 -226 0
-137 -227 0
-138 -228 0
-139 -229 0
-140 -230 0
-136 -231 0
-137 -232 0
-138 -233 0
-139 -234 0
-140 -235 0
-136 -236 0
-137 -237 0
-138 -238 0
-139 -239 0
-140 -240 0
-136 -241 0
-137 -242 0
-138 -243 0
-139 -244 0
-140 -245 0
-141 -151 0
-142 -152 0
-143 -153 0
-144 -154 0
-145 -155 0
-141 -161 0
-142 -162 0
-143 -163 0
-144 -164 0
-145 -165 0
-141 -166 0
-142 -167 0
-143 -168 0
-144 -169 0
-145 -170 0
-141 -171 0
-142 -172 0
-143 -173 0
-144 -174 0
-145 -175 0
-141 -176 0
-142 -177 0
-143 -178 0
-144 -179 0
-145 -180 0
-141 -186 0
-142 -187 0
-143 -188 0
-144 -189 0
-145 -190 0
-141 -191 0
-142 -192 0
-143 -193 0
-144 -194 0
-145 -195 0
-141 -196 0
-142 -197 0
-143 -198 0
-144 -199 0
-145 -200 0
-141 -206 0
-142 -207 0
-143 -208 0
-144 -209 0
-145 -210 0
-141 -211 0
-142 -212 0
-143 -213 0
-144 -214 0
-145 -215 0
-141 -221 0
-142 -222 0
-143 -223 0
-144 -224 0
-145 -225 0
-141 -226 0
-142 -227 0
-143 -228 0
-144 -229 0
-145 -230 0
-141 -231 0
-142 -232 0
-143 -233 0
-144 -234 0
-145 -235 0
-141 -241 0
-142 -242 0
-143 -243 0
-144 -244 0
-145 -245 0
-146 -151 0
-147 -152 0
-148 -153 0
-149 -154 0
-150 -155 0
-146 -156 0
-147 -157 0
-148 -158 0
-149 -159 0
-150 -160 0
-146 -166 0
-147 -167 0
-148 -168 0
-149 -169 0
-150 -170 0
-146 -171 0
-147 -172 0
-148 -173 0
-149 -174 0
-150 -175 0
-146 -176 0
-147 -177 0
-148 -178 0
-149 -179 0
-150 -180 0
-146 -181 0
-147 -182 0
-148 -183 0
-149 -184 0
-150 -185 0
-146 -186 0
-147 -187 0
-148 -188 0
-149 -189 0
-150 -190 0
-146 -196 0
-147 -197 0
-148 -198 0
-149 -199 0
-150 -200 0
-146 -201 0
-147 -202 0
-148 -203 0
-149 -204 0
-150 -205 0
-146 -206 0
-147 -207 0
-148 -208 0
-149 -209 0
-150 -210 0
-146 -211 0
-147 -212 0
-148 -213 0
-149 -214 0
-150 -215 0
-146 -216 0
-147 -217 0
-148 -218 0
-149 -219 0
-150 -220 0
-146 -226 0
-147 -227 0
-148 -228 0
-149 -229 0
-150 -230 0
-146 -231 0
-147 -232 0
-148 -233 0
-149 -234 0
-150 -235 0
-146 -236 0
-147 -237 0
-148 -238 0
-149 -239 0
-150 -240 0
-146 -241 0
-147 -242 0
-148 -243 0
-149 -244 0
-150 -245 0
-146 -246 0
-147 -247 0
-148 -248 0
-149 -249 0
-150 -250 0
-151 -156 0
-152 -157 0
-153 -158 0
-154 -159 0
-155 -160 0
-151 -161 0
-152 -162 0
-153 -163 0
-154 -164 0
-155 -165 0
-151 -176 0
-152 -177 0
-153 -178 0
-154 -179 0
-155 -180 0
-151 -181 0
-152 -182 0
-153 -183 0
-154 -184 0
-155 -185 0
-151 -186 0
-152 -187 0
-153 -188 0
-154 -189 0
-155 -190 0
-151 -191 0
-152 -192 0
-153 -193 0
-154 -194 0
-155 -195 0
-151 -201 0
-152 -202 0
-153 -203 0
-154 -204 0
-155 -205 0
-151 -206 0
-152 -207 0
-153 -208 0
-154 -209 0
-155 -210 0
-151 -211 0
-152 -212 0
-153 -213 0
-154 -214 0
-155 -215 0
-151 -221 0
-152 -222 0
-153 -223 0
-154 -224 0
-155 -225 0
-151 -226 0
-152 -227 0
-153 -228 0
-154 -229 0
-155 -230 0
-151 -231 0
-152 -232 0
-153 -233 0
-154 -234 0
-155 -235 0
-151 -236 0
-152 -237 0
-153 -238 0
-154 -239 0
-155 -240 0
-151 -246 0
-152 -247 0
-153 -248 0
-154 -249 0
-155 -250 0
-156 -161 0
-157 -162 0
-158 -163 0
-159 -164 0
-160 -165 0
-156 -166 0
-157 -167 0
-158 -168 0
-159 -169 0
-160 -170 0
-156 -171 0
-157 -172 0
-158 -173 0
-159 -174 0
-160 -175 0
-156 -181 0
-157 -182 0
-158 -183 0
-159 -184 0
-160 -185 0
-156 -186 0
-157 -187 0
-158 -188 0
-159 -189 0
-160 -190 0
-156 -196 0
-157 -197 0
-158 -198 0
-159 -199 0
-160 -200 0
-156 -201 0
-157 -202 0
-158 -203 0
-159 -204 0
-160 -205 0
-156 -206 0
-157 -207 0
-158 -208 0
-159 -209 0
-160 -210 0
-156 -216 0
-157 -217 0
-158 -218 0
-159 -219 0
-160 -220 0
-156 -221 0
-157 -222 0
-158 -223 0
-159 -224 0
-160 -225 0
-156 -226 0
-157 -227 0
-158 -228 0
-159 -229 0
-160 -230 0
-156 -231 0
-157 -232 0
-158 -233 0
-159 -234 0
-160 -235 0
-156 -236 0
-157 -237 0
-158 -238 0
-159 -239 0
-160 -240 0
-156 -246 0
-157 -247 0
-158 -248 0
-159 -249 0
-160 -250 0
-161 -176 0
-162 -177 0
-163 -178 0
-164 -179 0
-165 -180 0
-161 -186 0
-162 -187 0
-163 -188 0
-164 -189 0
-165 -190 0
-161 -191 0
-162 -192 0
-163 -193 0
-164 -194 0
-165 -195 0
-161 -201 0
-162 -202 0
-163 -203 0
-164 -204 0
-165 -205 0
-161 -206 0
-162 -207 0
-163 -208 0
-164 -209 0
-165 -210 0
-161 -211 0
-162 -212 0
-163 -213 0
-164 -214 0
-165 -215 0
-161 -216 0
-162 -217 0
-163 -218 0
-164 -219 0
-165 -220 0
-161 -221 0
-162 -222 0
-163 -223 0
-164 -224 0
-165 -225 0
-161 -226 0
-162 -227 0
-163 -228 0
-164 -229 0
-165 -230 0
-161 -231 0
-162 -232 0
-163 -233 0
-164 -234 0
-165 -235 0
-161 -241 0
-162 -242 0
-163 -243 0
-164 -244 0
-165 -245 0
-161 -246 0
-162 -247 0
-163 -248 0
-164 -249 0
-165 -250 0
-166 -171 0
-167 -172 0
-168 -173 0
-169 -174 0
-170 -175 0
-166 -176 0
-167 -177 0
-168 -178 0
-169 -179 0
-170 -180 0
-166 -181 0
-167 -182 0
-168 -183 0
-169 -184 0
-170 -185 0
-166 -186 0
-167 -187 0
-168 -188 0
-169 -189 0
-170 -190 0
-166 -191 0
-167 -192 0
-168 -193 0
-169 -194 0
-170 -195 0
-166 -196 0
-167 -197 0
-168 -198 0
-169 -199 0
-170 -200 0
-166 -201 0
-167 -202 0
-168 -203 0
-169 -204 0
-170 -205 0
-166 -211 0
-167 -212 0
-168 -213 0
-169 -214 0
-170 -215 0
-166 -226 0
-167 -227 0
-168 -228 0
-169 -229 0
-170 -230 0
-166 -231 0
-167 -232 0
-168 -233 0
-169 -234 0
-170 -235 0
-166 -236 0
-167 -237 0
-168 -238 0
-169 -239 0
-170 -240 0
-166 -241 0
-167 -242 0
-168 -243 0
-169 -244 0
-170 -245 0
-166 -246 0
-167 -247 0
-168 -248 0
-169 -249 0
-170 -250 0
-171 -176 0
-172 -177 0
-173 -178 0
-174 -179 0
-175 -180 0
-171 -181 0
-172 -182 0
-173 -183 0
-174 -184 0
-175 -185 0
-171 -191 0
-172 -192 0
-173 -193 0
-174 -194 0
-175 -195 0
-171 -196 0
-172 -197 0
-173 -198 0
-174 -199 0
-175 -200 0
-171 -201 0
-172 -202 0
-173 -203 0
-174 -204 0
-175 -205 0
-171 -206 0
-172 -207 0
-173 -208 0
-174 -209 0
-175 -210 0
-171 -211 0
-172 -212 0
-173 -213 0
-174 -214 0
-175 -215 0
-171 -216 0
-172 -217 0
-173 -218 0
-174 -219 0
-175 -220 0
-171 -221 0
-172 -222 0
-173 -223 0
-174 -224 0
-175 -225 0
-171 -226 0
-172 -227 0
-173 -228 0
-174 -229 0
-175 -230 0
-171 -231 0
-172 -232 0
-173 -233 0
-174 -234 0
-175 -235 0
-171 -236 0
-172 -237 0
-173 -238 0
-174 -239 0
-175 -240 0
-171 -246 0
-172 -247 0
-173 -248 0
-174 -249 0
-175 -250 0
-176 -181 0
-177 -182 0
-178 -183 0
-179 -184 0
-180 -185 0
-176 -191 0
-177 -192 0
-178 -193 0
-179 -194 0
-180 -195 0
-176 -196 0
-177 -197 0
-178 -198 0
-179 -199 0
-180 -200 0
-176 -201 0
-177 -202 0
-178 -203 0
-179 -204 0
-180 -205 0
-176 -206 0
-177 -207 0
-178 -208 0
-179 -209 0
-180 -210 0
-176 -216 0
-177 -217 0
-178 -218 0
-179 -219 0
-180 -220 0
-176 -221 0
-177 -222 0
-178 -223 0
-179 -224 0
-180 -225 0
-176 -231 0
-177 -232 0
-178 -233 0
-179 -234 0
-180 -235 0
-176 -236 0
-177 -237 0
-178 -238 0
-179 -239 0
-180 -240 0
-176 -241 0
-177 -242 0
-178 -243 0
-179 -244 0
-180 -245 0
-181 -186 0
-182 -187 0
-183 -188 0
-184 -189 0
-185 -190 0
-181 -191 0
-182 -192 0
-183 -193 0
-184 -194 0
-185 -195 0
-181 -201 0
-182 -202 0
-183 -203 0
-184 -204 0
-185 -205 0
-181 -206 0
-182 -207 0
-183 -208 0
-184 -209 0
-185 -210 0
-181 -211 0
-182 -212 0
-183 -213 0
-184 -214 0
-185 -215 0
-181 -226 0
-182 -227 0
-183 -228 0
-184 -229 0
-185 -230 0
-181 -231 0
-182 -232 0
-183 -233 0
-184 -234 0
-185 -235 0
-181 -236 0
-182 -237 0
-183 -238 0
-184 -239 0
-185 -240 0
-181 -241 0
-182 -242 0
-183 -243 0
-184 -244 0
-185 -245 0
-181 -246 0
-182 -247 0
-183 -248 0
-184 -249 0
-185 -250 0
-186 -191 0
-187 -192 0
-188 -193 0
-189 -194 0
-190 -195 0
-186 -201 0
-187 -202 0
-188 -203 0
-189 -204 0
-190 -205 0
-186 -206 0
-187 -207 0
-188 -208 0
-189 -209 0
-190 -210 0
-186 -211 0
-187 -212 0
-188 -213 0
-189 -214 0
-190 -215 0
-186 -221 0
-187 -222 0
-188 -223 0
-189 -224 0
-190 -225 0
-186 -226 0
-187 -227 0
-188 -228 0
-189 -229 0
-190 -230 0
-186 -231 0
-187 -232 0
-188 -233 0
-189 -234 0
-190 -235 0
-186 -236 0
-187 -237 0
-188 -238 0
-189 -239 0
-190 -240 0
-186 -241 0
-187 -242 0
-188 -243 0
-189 -244 0
-190 -245 0
-186 -246 0
-187 -247 0
-188 -248 0
-189 -249 0
-190 -250 0
-191 -196 0
-192 -197 0
-193 -198 0
-194 -199 0
-195 -200 0
-191 -201 0
-192 -202 0
-193 -203 0
-194 -204 0
-195 -205 0
-191 -206 0
-192 -207 0
-193 -208 0
-194 -209 0
-195 -210 0
-191 -216 0
-192 -217 0
-193 -218 0
-194 -219 0
-195 -220 0
-191 -221 0
-192 -222 0
-193 -223 0
-194 -224 0
-195 -225 0
-191 -226 0
-192 -227 0
-193 -228 0
-194 -229 0
-195 -230 0
-191 -231 0
-192 -232 0
-193 -233 0
-194 -234 0
-195 -235 0
-191 -236 0
-192 -237 0
-193 -238 0
-194 -239 0
-195 -240 0
-191 -241 0
-192 -242 0
-193 -243 0
-194 -244 0
-195 -245 0
-191 -246 0
-192 -247 0
-193 -248 0
-194 -249 0
-195 -250 0
-196 -206 0
-197 -207 0
-198 -208 0
-199 -209 0
-200 -210 0
-196 -211 0
-197 -212 0
-198 -213 0
-199 -214 0
-200 -215 0
-196 -216 0
-197 -217 0
-198 -218 0
-199 -219 0
-200 -220 0
-196 -221 0
-197 -222 0
-198 -223 0
-199 -224 0
-200 -225 0
-196 -226 0
-197 -227 0
-198 -228 0
-199 -229 0
-200 -230 0
-196 -231 0
-197 -232 0
-198 -233 0
-199 -234 0
-200 -235 0
-196 -236 0
-197 -237 0
-198 -238 0
-199 -239 0
-200 -240 0
-196 -241 0
-197 -242 0
-198 -243 0
-199 -244 0
-200 -245 0
-196 -246 0
-197 -247 0
-198 -248 0
-199 -249 0
-200 -250 0
-201 -206 0
-202 -207 0
-203 -208 0
-204 -209 0
-205 -210 0
-201 -216 0
-202 -217 0
-203 -218 0
-204 -219 0
-205 -220 0
-201 -221 0
-202 -222 0
-203 -223 0
-204 -224 0
-205 -225 0
-201 -231 0
-202 -232 0
-203 -233 0
-204 -234 0
-205 -235 0
-201 -236 0
-202 -237 0
-203 -238 0
-204 -239 0
-205 -240 0
-201 -241 0
-202 -242 0
-203 -243 0
-204 -244 0
-205 -245 0
-206 -211 0
-207 -212 0
-208 -213 0
-209 -214 0
-210 -215 0
-206 -216 0
-207 -217 0
-208 -218 0
-209 -219 0
-210 -220 0
-206 -221 0
-207 -222 0
-208 -223 0
-209 -224 0
-210 -225 0
-206 -226 0
-207 -227 0
-208 -228 0
-209 -229 0
-210 -230 0
-206 -241 0
-207 -242 0
-208 -243 0
-209 -244 0
-210 -245 0
-206 -246 0
-207 -247 0
-208 -248 0
-209 -249 0
-210 -250 0
-211 -216 0
-212 -217 0
-213 -218 0
-214 -219 0
-215 -220 0
-211 -221 0
-212 -222 0
-213 -223 0
-214 -224 0
-215 -225 0
-211 -226 0
-212 -227 0
-213 -228 0
-214 -229 0
-215 -230 0
-211 -231 0
-212 -232 0
-213 -233 0
-214 -234 0
-215 -235 0
-211 -236 0
-212 -237 0
-213 -238 0
-214 -239 0
-215 -240 0
-211 -246 0
-212 -247 0
-213 -248 0
-214 -249 0
-215 -250 0
-216 -221 0
-217 -222 0
-218 -223 0
-219 -224 0
-220 -225 0
-216 -226 0
-217 -227 0
-218 -228 0
-219 -229 0
-220 -230 0
-216 -241 0
-217 -242 0
-218 -243 0
-219 -244 0
-220 -245 0
-216 -246 0
-217 -247 0
-218 -248 0
-219 -249 0
-220 -250 0
-221 -241 0
-222 -242 0
-223 -243 0
-224 -244 0
-225 -245 0
-221 -246 0
-222 -247 0
-223 -248 0
-224 -249 0
-225 -250 0
-226 -231 0
-227 -232 0
-228 -233 0
-229 -234 0
-230 -235 0
-226 -236 0
-227 -237 0
-228 -238 0
-229 -239 0
-230 -240 0
-226 -241 0
-227 -242 0
-228 -243 0
-229 -244 0
-230 -245 0
-226 -246 0
-227 -247 0
-228 -248 0
-229 -249 0
-230 -250 0
-231 -236 0
-232 -237 0
-233 -238 0
-234 -239 0
-235 -240 0
-231 -241 0
-232 -242 0
-233 -243 0
-234 -244 0
-235 -245 0
-231 -246 0
-232 -247 0
-233 -248 0
-234 -249 0
-235 -250 0
-236 -241 0
-237 -242 0
-238 -243 0
-239 -244 0
-240 -245 0
-236 -246 0
-237 -247 0
-238 -248 0
-239 -249 0
-240 -250 0
-241 -246 0
-242 -247 0
-243 -248 0
-244 -249 0
-245 -250 0
