p cnf 300 5522
1 2 3 4 5 6 0
7 8 9 10 11 12 0
13 14 15 16 17 18 0
19 20 21 22 23 24 0
25 26 27 28 29 30 0
31 32 33 34 35 36 0
37 38 39 40 41 42 0
43 44 45 46 47 48 0
49 50 51 52 53 54 0
55 56 57 58 59 60 0
61 62 63 64 65 66 0
67 68 69 70 71 72 0
73 74 75 76 77 78 0
79 80 81 82 83 84 0
85 86 87 88 89 90 0
91 92 93 94 95 96 0
97 98 99 100 101 102 0
103 104 105 106 107 108 0
109 110 111 112 113 114 0
115 116 117 118 119 120 0
121 122 123 124 125 126 0
127 128 129 130 131 132 0
133 134 135 136 137 138 0
139 140 141 142 143 144 0
145 146 147 148 149 150 0
151 152 153 154 155 156 0
157 158 159 160 161 162 0
163 164 165 166 167 168 0
169 170 171 172 173 174 0
175 176 177 178 179 180 0
181 182 183 184 185 186 0
187 188 189 190 191 192 0
193 194 195 196 197 198 0
199 200 201 202 203 204 0
205 206 207 208 209 210 0
211 212 213 214 215 216 0
217 218 219 220 221 222 0
223 224 225 226 227 228 0
229 230 231 232 233 234 0
235 236 237 238 239 240 0
241 242 243 244 245 246 0
247 248 249 250 251 252 0
253 254 255 256 257 258 0
259 260 261 262 263 264 0
265 266 267 268 269 270 0
271 272 273 274 275 276 0
277 278 279 280 281 282 0
283 284 285 286 287 288 0
289 290 291 292 293 294 0
295 296 297 298 299 300 0
-1 -7 0
-2 -8 0
-3 -9 0
-4 -10 0
-5 -11 0
-6 -12 0
-1 -13 0
-2 -14 0
-3 -15 0
-4 -16 0
-5 -17 0
-6 -18 0
-1 -19 0
-2 -20 0
-3 -21 0
-4 -22 0
-5 -23 0
-6 -24 0
-1 -25 0
-2 -26 0
-3 -27 0
-4 -28 0
-5 -29 0
-6 -30 0
-1 -55 0
-2 -56 0
-3 -57 0
-4 -58 0
-5 -59 0
-6 -60 0
-1 -61 0
-2 -62 0
-3 -63 0
-4 -64 0
-5 -65 0
-6 -66 0
-1 -67 0
-2 -68 0
-3 -69 0
-4 -70 0
-5 -71 0
-6 -72 0
-1 -79 0
-2 -80 0
-3 -81 0
-4 -82 0
-5 -83 0
-6 -84 0
-1 -85 0
-2 -86 0
-3 -87 0
-4 -88 0
-5 -89 0
-6 -90 0
-1 -91 0
-2 -92 0
-3 -93 0
-4 -94 0
-5 -95 0
-6 -96 0
-1 -97 0
-2 -98 0
-3 -99 0
-4 -100 0
-5 -101 0
-6 -102 0
-1 -103 0
-2 -104 0
-3 -105 0
-4 -106 0
-5 -107 0
-6 -108 0
-1 -109 0
-2 -110 0
-3 -111 0
-4 -112 0
-5 -113 0
-6 -114 0
-1 -115 0
-2 -116 0
-3 -117 0
-4 -118 0
-5 -119 0
-6 -120 0
-1 -121 0
-2 -122 0
-3 -123 0
-4 -124 0
-5 -125 0
-6 -126 0
-1 -127 0
-2 -128 0
-3 -129 0
-4 -130 0
-5 -131 0
-6 -132 0
-1 -133 0
-2 -134 0
-3 -135 0
-4 -136 0
-5 -137 0
-6 -138 0
-1 -151 0
-2 -152 0
-3 -153 0
-4 -154 0
-5 -155 0
-6 -156 0
-1 -169 0
-2 -170 0
-3 -171 0
-4 -172 0
-5 -173 0
-6 -174 0
-1 -175 0
-2 -176 0
-3 -177 0
-4 -178 0
-5 -179 0
-6 -180 0
-1 -181 0
-2 -182 0
-3 -183 0
-4 -184 0
-5 -185 0
-6 -186 0
-1 -193 0
-2 -194 0
-3 -195 0
-4 -196 0
-5 -197 0
-6 -198 0
-1 -199 0
-2 -200 0
-3 -201 0
-4 -202 0
-5 -203 0
-6 -204 0
-1 -211 0
-2 -212 0
-3 -213 0
-4 -214 0
-5 -215 0
-6 -216 0
-1 -217 0
-2 -218 0
-3 -219 0
-4 -220 0
-5 -221 0
-6 -222 0
-1 -223 0
-2 -224 0
-3 -225 0
-4 -226 0
-5 -227 0
-6 -228 0
-1 -229 0
-2 -230 0
-3 -231 0
-4 -232 0
-5 -233 0
-6 -234 0
-1 -235 0
-2 -236 0
-3 -237 0
-4 -238 0
-5 -239 0
-6 -240 0
-1 -241 0
-2 -242 0
-3 -243 0
-4 -244 0
-5 -245 0
-6 -246 0
-1 -247 0
-2 -248 0
-3 -249 0
-4 -250 0
-5 -251 0
-6 -252 0
-1 -253 0
-2 -254 0
-3 -255 0
-4 -256 0
-5 -257 0
-6 -258 0
-1 -265 0
-2 -266 0
-3 -267 0
-4 -268 0
-5 -269 0
-6 -270 0
-1 -271 0
-2 -272 0
-3 -273 0
-4 -274 0
-5 -275 0
-6 -276 0
-1 -277 0
-2 -278 0
-3 -279 0
-4 -280 0
-5 -281 0
-6 -282 0
-1 -283 0
-2 -284 0
-3 -285 0
-4 -286 0
-5 -287 0
-6 -288 0
-1 -289 0
-2 -290 0
-3 -291 0
-4 -292 0
-5 -293 0
-6 -294 0
-1 -295 0
-2 -296 0
-3 -297 0
-4 -298 0
-5 -299 0
-6 -300 0
-7 -13 0
-8 -14 0
-9 -15 0
-10 -16 0
-11 -17 0
-12 -18 0
-7 -19 0
-8 -20 0
-9 -21 0
-10 -22 0
-11 -23 0
-12 -24 0
-7 -31 0
-8 -32 0
-9 -33 0
-10 -34 0
-11 -35 0
-12 -36 0
-7 -43 0
-8 -44 0
-9 -45 0
-10 -46 0
-11 -47 0
-12 -48 0
-7 -55 0
-8 -56 0
-9 -57 0
-10 -58 0
-11 -59 0
-12 -60 0
-7 -61 0
-8 -62 0
-9 -63 0
-10 -64 0
-11 -65 0
-12 -66 0
-7 -67 0
-8 -68 0
-9 -69 0
-10 -70 0
-11 -71 0
-12 -72 0
-7 -85 0
-8 -86 0
-9 -87 0
-10 -88 0
-11 -89 0
-12 -90 0
-7 -91 0
-8 -92 0
-9 -93 0
-10 -94 0
-11 -95 0
-12 -96 0
-7 -97 0
-8 -98 0
-9 -99 0
-10 -100 0
-11 -101 0
-12 -102 0
-7 -109 0
-8 -110 0
-9 -111 0
-10 -112 0
-11 -113 0
-12 -114 0
-7 -115 0
-8 -116 0
-9 -117 0
-10 -118 0
-11 -119 0
-12 -120 0
-7 -121 0
-8 -122 0
-9 -123 0
-10 -124 0
-11 -125 0
-12 -126 0
-7 -127 0
-8 -128 0
-9 -129 0
-10 -130 0
-11 -131 0
-12 -132 0
-7 -139 0
-8 -140 0
-9 -141 0
-10 -142 0
-11 -143 0
-12 -144 0
-7 -145 0
-8 -146 0
-9 -147 0
-10 -148 0
-11 -149 0
-12 -150 0
-7 -151 0
-8 -152 0
-9 -153 0
-10 -154 0
-11 -155 0
-12 -156 0
-7 -157 0
-8 -158 0
-9 -159 0
-10 -160 0
-11 -161 0
-12 -162 0
-7 -163 0
-8 -164 0
-9 -165 0
-10 -166 0
-11 -167 0
-12 -168 0
-7 -169 0
-8 -170 0
-9 -171 0
-10 -172 0
-11 -173 0
-12 -174 0
-7 -175 0
-8 -176 0
-9 -177 0
-10 -178 0
-11 -179 0
-12 -180 0
-7 -181 0
-8 -182 0
-9 -183 0
-10 -184 0
-11 -185 0
-12 -186 0
-7 -193 0
-8 -194 0
-9 -195 0
-10 -196 0
-11 -197 0
-12 -198 0
-7 -199 0
-8 -200 0
-9 -201 0
-10 -202 0
-11 -203 0
-12 -204 0
-7 -211 0
-8 -212 0
-9 -213 0
-10 -214 0
-11 -215 0
-12 -216 0
-7 -217 0
-8 -218 0
-9 -219 0
-10 -220 0
-11 -221 0
-12 -222 0
-7 -223 0
-8 -224 0
-9 -225 0
-10 -226 0
-11 -227 0
-12 -228 0
-7 -241 0
-8 -242 0
-9 -243 0
-10 -244 0
-11 -245 0
-12 -246 0
-7 -247 0
-8 -248 0
-9 -249 0
-10 -250 0
-11 -251 0
-12 -252 0
-7 -253 0
-8 -254 0
-9 -255 0
-10 -256 0
-11 -257 0
-12 -258 0
-7 -259 0
-8 -260 0
-9 -261 0
-10 -262 0
-11 -263 0
-12 -264 0
-7 -271 0
-8 -272 0
-9 -273 0
-10 -274 0
-11 -275 0
-12 -276 0
-7 -277 0
-8 -278 0
-9 -279 0
-10 -280 0
-11 -281 0
-12 -282 0
-7 -283 0
-8 -284 0
-9 -285 0
-10 -286 0
-11 -287 0
-12 -288 0
-7 -289 0
-8 -290 0
-9 -291 0
-10 -292 0
-11 -293 0
-12 -294 0
-13 -19 0
-14 -20 0
-15 -21 0
-16 -22 0
-17 -23 0
-18 -24 0
-13 -25 0
-14 -26 0
-15 -27 0
-16 -28 0
-17 -29 0
-18 -30 0
-13 -31 0
-14 -32 0
-15 -33 0
-16 -34 0
-17 -35 0
-18 -36 0
-13 -37 0
-14 -38 0
-15 -39 0
-16 -40 0
-17 -41 0
-18 -42 0
-13 -43 0
-14 -44 0
-15 -45 0
-16 -46 0
-17 -47 0
-18 -48 0
-13 -49 0
-14 -50 0
-15 -51 0
-16 -52 0
-17 -53 0
-18 -54 0
-13 -55 0
-14 -56 0
-15 -57 0
-16 -58 0
-17 -59 0
-18 -60 0
-13 -61 0
-14 -62 0
-15 -63 0
-16 -64 0
-17 -65 0
-18 -66 0
-13 -67 0
-14 -68 0
-15 -69 0
-16 -70 0
-17 -71 0
-18 -72 0
-13 -73 0
-14 -74 0
-15 -75 0
-16 -76 0
-17 -77 0
-18 -78 0
-13 -79 0
-14 -80 0
-15 -81 0
-16 -82 0
-17 -83 0
-18 -84 0
-13 -85 0
-14 -86 0
-15 -87 0
-16 -88 0
-17 -89 0
-18 -90 0
-13 -91 0
-14 -92 0
-15 -93 0
-16 -94 0
-17 -95 0
-18 -96 0
-13 -103 0
-14 -104 0
-15 -105 0
-16 -106 0
-17 -107 0
-18 -108 0
-13 -109 0
-14 -110 0
-15 -111 0
-16 -112 0
-17 -113 0
-18 -114 0
-13 -121 0
-14 -122 0
-15 -123 0
-16 -124 0
-17 -125 0
-18 -126 0
-13 -127 0
-14 -128 0
-15 -129 0
-16 -130 0
-17 -131 0
-18 -132 0
-13 -139 0
-14 -140 0
-15 -141 0
-16 -142 0
-17 -143 0
-18 -144 0
-13 -151 0
-14 -152 0
-15 -153 0
-16 -154 0
-17 -155 0
-18 -156 0
-13 -157 0
-14 -158 0
-15 -159 0
-16 -160 0
-17 -161 0
-18 -162 0
-13 -163 0
-14 -164 0
-15 -165 0
-16 -166 0
-17 -167 0
-18 -168 0
-13 -175 0
-14 -176 0
-15 -177 0
-16 -178 0
-17 -179 0
-18 -180 0
-13 -181 0
-14 -182 0
-15 -183 0
-16 -184 0
-17 -185 0
-18 -186 0
-13 -187 0
-14 -188 0
-15 -189 0
-16 -190 0
-17 -191 0
-18 -192 0
-13 -193 0
-14 -194 0
-15 -195 0
-16 -196 0
-17 -197 0
-18 -198 0
-13 -199 0
-14 -200 0
-15 -201 0
-16 -202 0
-17 -203 0
-18 -204 0
-13 -211 0
-14 -212 0
-15 -213 0
-16 -214 0
-17 -215 0
-18 -216 0
-13 -217 0
-14 -218 0
-15 -219 0
-16 -220 0
-17 -221 0
-18 -222 0
-13 -223 0
-14 -224 0
-15 -225 0
-16 -226 0
-17 -227 0
-18 -228 0
-13 -247 0
-14 -248 0
-15 -249 0
-16 -250 0
-17 -251 0
-18 -252 0
-13 -253 0
-14 -254 0
-15 -255 0
-16 -256 0
-17 -257 0
-18 -258 0
-13 -259 0
-14 -260 0
-15 -261 0
-16 -262 0
-17 -263 0
-18 -264 0
-13 -271 0
-14 -272 0
-15 -273 0
-16 -274 0
-17 -275 0
-18 -276 0
-13 -277 0
-14 -278 0
-15 -279 0
-16 -280 0
-17 -281 0
-18 -282 0
-13 -283 0
-14 -284 0
-15 -285 0
-16 -286 0
-17 -287 0
-18 -288 0
-13 -289 0
-14 -290 0
-15 -291 0
-16 -292 0
-17 -293 0
-18 -294 0
-19 -25 0
-20 -26 0
-21 -27 0
-22 -28 0
-23 -29 0
-24 -30 0
-19 -31 0
-20 -32 0
-21 -33 0
-22 -34 0
-23 -35 0
-24 -36 0
-19 -43 0
-20 -44 0
-21 -45 0
-22 -46 0
-23 -47 0
-24 -48 0
-19 -49 0
-20 -50 0
-21 -51 0
-22 -52 0
-23 -53 0
-24 -54 0
-19 -55 0
-20 -56 0
-21 -57 0
-22 -58 0
-23 -59 0
-24 -60 0
-19 -61 0
-20 -62 0
-21 -63 0
-22 -64 0
-23 -65 0
-24 -66 0
-19 -79 0
-20 -80 0
-21 -81 0
-22 -82 0
-23 -83 0
-24 -84 0
-19 -85 0
-20 -86 0
-21 -87 0
-22 -88 0
-23 -89 0
-24 -90 0
-19 -97 0
-20 -98 0
-21 -99 0
-22 -100 0
-23 -101 0
-24 -102 0
-19 -103 0
-20 -104 0
-21 -105 0
-22 -106 0
-23 -107 0
-24 -108 0
-19 -115 0
-20 -116 0
-21 -117 0
-22 -118 0
-23 -119 0
-24 -120 0
-19 -121 0
-20 -122 0
-21 -123 0
-22 -124 0
-23 -125 0
-24 -126 0
-19 -127 0
-20 -128 0
-21 -129 0
-22 -130 0
-23 -131 0
-24 -132 0
-19 -133 0
-20 -134 0
-21 -135 0
-22 -136 0
-23 -137 0
-24 -138 0
-19 -139 0
-20 -140 0
-21 -141 0
-22 -142 0
-23 -143 0
-24 -144 0
-19 -151 0
-20 -152 0
-21 -153 0
-22 -154 0
-23 -155 0
-24 -156 0
-19 -157 0
-20 -158 0
-21 -159 0
-22 -160 0
-23 -161 0
-24 -162 0
-19 -163 0
-20 -164 0
-21 -165 0
-22 -166 0
-23 -167 0
-24 -168 0
-19 -169 0
-20 -170 0
-21 -171 0
-22 -172 0
-23 -173 0
-24 -174 0
-19 -175 0
-20 -176 0
-21 -177 0
-22 -178 0
-23 -179 0
-24 -180 0
-19 -181 0
-20 -182 0
-21 -183 0
-22 -184 0
-23 -185 0
-24 -186 0
-19 -205 0
-20 -206 0
-21 -207 0
-22 -208 0
-23 -209 0
-24 -210 0
-19 -211 0
-20 -212 0
-21 -213 0
-22 -214 0
-23 -215 0
-24 -216 0
-19 -229 0
-20 -230 0
-21 -231 0
-22 -232 0
-23 -233 0
-24 -234 0
-19 -241 0
-20 -242 0
-21 -243 0
-22 -244 0
-23 -245 0
-24 -246 0
-19 -247 0
-20 -248 0
-21 -249 0
-22 -250 0
-23 -251 0
-24 -252 0
-19 -253 0
-20 -254 0
-21 -255 0
-22 -256 0
-23 -257 0
-24 -258 0
-19 -259 0
-20 -260 0
-21 -261 0
-22 -262 0
-23 -263 0
-24 -264 0
-19 -265 0
-20 -266 0
-21 -267 0
-22 -268 0
-23 -269 0
-24 -270 0
-19 -271 0
-20 -272 0
-21 -273 0
-22 -274 0
-23 -275 0
-24 -276 0
-19 -277 0
-20 -278 0
-21 -279 0
-22 -280 0
-23 -281 0
-24 -282 0
-19 -289 0
-20 -290 0
-21 -291 0
-22 -292 0
-23 -293 0
-24 -294 0
-19 -295 0
-20 -296 0
-21 -297 0
-22 -298 0
-23 -299 0
-24 -300 0
-25 -31 0
-26 -32 0
-27 -33 0
-28 -34 0
-29 -35 0
-30 -36 0
-25 -37 0
-26 -38 0
-27 -39 0
-28 -40 0
-29 -41 0
-30 -42 0
-25 -43 0
-26 -44 0
-27 -45 0
-28 -46 0
-29 -47 0
-30 -48 0
-25 -49 0
-26 -50 0
-27 -51 0
-28 -52 0
-29 -53 0
-30 -54 0
-25 -55 0
-26 -56 0
-27 -57 0
-28 -58 0
-29 -59 0
-30 -60 0
-25 -61 0
-26 -62 0
-27 -63 0
-28 -64 0
-29 -65 0
-30 -66 0
-25 -67 0
-26 -68 0
-27 -69 0
-28 -70 0
-29 -71 0
-30 -72 0
-25 -73 0
-26 -74 0
-27 -75 0
-28 -76 0
-29 -77 0
-30 -78 0
-25 -85 0
-26 -86 0
-27 -87 0
-28 -88 0
-29 -89 0
-30 -90 0
-25 -91 0
-26 -92 0
-27 -93 0
-28 -94 0
-29 -95 0
-30 -96 0
-25 -103 0
-26 -104 0
-27 -105 0
-28 -106 0
-29 -107 0
-30 -108 0
-25 -115 0
-26 -116 0
-27 -117 0
-28 -118 0
-29 -119 0
-30 -120 0
-25 -121 0
-26 -122 0
-27 -123 0
-28 -124 0
-29 -125 0
-30 -126 0
-25 -127 0
-26 -128 0
-27 -129 0
-28 -130 0
-29 -131 0
-30 -132 0
-25 -145 0
-26 -146 0
-27 -147 0
-28 -148 0
-29 -149 0
-30 -150 0
-25 -151 0
-26 -152 0
-27 -153 0
-28 -154 0
-29 -155 0
-30 -156 0
-25 -157 0
-26 -158 0
-27 -159 0
-28 -160 0
-29 -161 0
-30 -162 0
-25 -169 0
-26 -170 0
-27 -171 0
-28 -172 0
-29 -173 0
-30 -174 0
-25 -181 0
-26 -182 0
-27 -183 0
-28 -184 0
-29 -185 0
-30 -186 0
-25 -193 0
-26 -194 0
-27 -195 0
-28 -196 0
-29 -197 0
-30 -198 0
-25 -199 0
-26 -200 0
-27 -201 0
-28 -202 0
-29 -203 0
-30 -204 0
-25 -211 0
-26 -212 0
-27 -213 0
-28 -214 0
-29 -215 0
-30 -216 0
-25 -217 0
-26 -218 0
-27 -219 0
-28 -220 0
-29 -221 0
-30 -222 0
-25 -229 0
-26 -230 0
-27 -231 0
-28 -232 0
-29 -233 0
-30 -234 0
-25 -241 0
-26 -242 0
-27 -243 0
-28 -244 0
-29 -245 0
-30 -246 0
-25 -247 0
-26 -248 0
-27 -249 0
-28 -250 0
-29 -251 0
-30 -252 0
-25 -253 0
-26 -254 0
-27 -255 0
-28 -256 0
-29 -257 0
-30 -258 0
-25 -259 0
-26 -260 0
-27 -261 0
-28 -262 0
-29 -263 0
-30 -264 0
-25 -265 0
-26 -266 0
-27 -267 0
-28 -268 0
-29 -269 0
-30 -270 0
-25 -271 0
-26 -272 0
-27 -273 0
-28 -274 0
-29 -275 0
-30 -276 0
-25 -277 0
-26 -278 0
-27 -279 0
-28 -280 0
-29 -281 0
-30 -282 0
-25 -283 0
-26 -284 0
-27 -285 0
-28 -286 0
-29 -287 0
-30 -288 0
-25 -289 0
-26 -290 0
-27 -291 0
-28 -292 0
-29 -293 0
-30 -294 0
-25 -295 0
-26 -296 0
-27 -297 0
-28 -298 0
-29 -299 0
-30 -300 0
-31 -37 0
-32 -38 0
-33 -39 0
-34 -40 0
-35 -41 0
-36 -42 0
-31 -55 0
-32 -56 0
-33 -57 0
-34 -58 0
-35 -59 0
-36 -60 0
-31 -67 0
-32 -68 0
-33 -69 0
-34 -70 0
-35 -71 0
-36 -72 0
-31 -73 0
-32 -74 0
-33 -75 0
-34 -76 0
-35 -77 0
-36 -78 0
-31 -79 0
-32 -80 0
-33 -81 0
-34 -82 0
-35 -83 0
-36 -84 0
-31 -91 0
-32 -92 0
-33 -93 0
-34 -94 0
-35 -95 0
-36 -96 0
-31 -103 0
-32 -104 0
-33 -105 0
-34 -106 0
-35 -107 0
-36 -108 0
-31 -109 0
-32 -110 0
-33 -111 0
-34 -112 0
-35 -113 0
-36 -114 0
-31 -121 0
-32 -122 0
-33 -123 0
-34 -124 0
-35 -125 0
-36 -126 0
-31 -133 0
-32 -134 0
-33 -135 0
-34 -136 0
-35 -137 0
-36 -138 0
-31 -139 0
-32 -140 0
-33 -141 0
-34 -142 0
-35 -143 0
-36 -144 0
-31 -145 0
-32 -146 0
-33 -147 0
-34 -148 0
-35 -149 0
-36 -150 0
-31 -151 0
-32 -152 0
-33 -153 0
-34 -154 0
-35 -155 0
-36 -156 0
-31 -157 0
-32 -158 0
-33 -159 0
-34 -160 0
-35 -161 0
-36 -162 0
-31 -169 0
-32 -170 0
-33 -171 0
-34 -172 0
-35 -173 0
-36 -174 0
-31 -187 0
-32 -188 0
-33 -189 0
-34 -190 0
-35 -191 0
-36 -192 0
-31 -193 0
-32 -194 0
-33 -195 0
-34 -196 0
-35 -197 0
-36 -198 0
-31 -199 0
-32 -200 0
-33 -201 0
-34 -202 0
-35 -203 0
-36 -204 0
-31 -217 0
-32 -218 0
-33 -219 0
-34 -220 0
-35 -221 0
-36 -222 0
-31 -223 0
-32 -224 0
-33 -225 0
-34 -226 0
-35 -227 0
-36 -228 0
-31 -229 0
-32 -230 0
-33 -231 0
-34 -232 0
-35 -233 0
-36 -234 0
-31 -235 0
-32 -236 0
-33 -237 0
-34 -238 0
-35 -239 0
-36 -240 0
-31 -241 0
-32 -242 0
-33 -243 0
-34 -244 0
-35 -245 0
-36 -246 0
-31 -247 0
-32 -248 0
-33 -249 0
-34 -250 0
-35 -251 0
-36 -252 0
-31 -253 0
-32 -254 0
-33 -255 0
-34 -256 0
-35 -257 0
-36 -258 0
-31 -259 0
-32 -260 0
-33 -261 0
-34 -262 0
-35 -263 0
-36 -264 0
-31 -265 0
-32 -266 0
-33 -267 0
-34 -268 0
-35 -269 0
-36 -270 0
-31 -277 0
-32 -278 0
-33 -279 0
-34 -280 0
-35 -281 0
-36 -282 0
-31 -283 0
-32 -284 0
-33 -285 0
-34 -286 0
-35 -287 0
-36 -288 0
-31 -289 0
-32 -290 0
-33 -291 0
-34 -292 0
-35 -293 0
-36 -294 0
-31 -295 0
-32 -296 0
-33 -297 0
-34 -298 0
-35 -299 0
-36 -300 0
-37 -43 0
-38 -44 0
-39 -45 0
-40 -46 0
-41 -47 0
-42 -48 0
-37 -49 0
-38 -50 0
-39 -51 0
-40 -52 0
-41 -53 0
-42 -54 0
-37 -55 0
-38 -56 0
-39 -57 0
-40 -58 0
-41 -59 0
-42 -60 0
-37 -67 0
-38 -68 0
-39 -69 0
-40 -70 0
-41 -71 0
-42 -72 0
-37 -73 0
-38 -74 0
-39 -75 0
-40 -76 0
-41 -77 0
-42 -78 0
-37 -91 0
-38 -92 0
-39 -93 0
-40 -94 0
-41 -95 0
-42 -96 0
-37 -103 0
-38 -104 0
-39 -105 0
-40 -106 0
-41 -107 0
-42 -108 0
-37 -109 0
-38 -110 0
-39 -111 0
-40 -112 0
-41 -113 0
-42 -114 0
-37 -115 0
-38 -116 0
-39 -117 0
-40 -118 0
-41 -119 0
-42 -120 0
-37 -121 0
-38 -122 0
-39 -123 0
-40 -124 0
-41 -125 0
-42 -126 0
-37 -127 0
-38 -128 0
-39 -129 0
-40 -130 0
-41 -131 0
-42 -132 0
-37 -139 0
-38 -140 0
-39 -141 0
-40 -142 0
-41 -143 0
-42 -144 0
-37 -145 0
-38 -146 0
-39 -147 0
-40 -148 0
-41 -149 0
-42 -150 0
-37 -151 0
-38 -152 0
-39 -153 0
-40 -154 0
-41 -155 0
-42 -156 0
-37 -169 0
-38 -170 0
-39 -171 0
-40 -172 0
-41 -173 0
-42 -174 0
-37 -175 0
-38 -176 0
-39 -177 0
-40 -178 0
-41 -179 0
-42 -180 0
-37 -181 0
-38 -182 0
-39 -183 0
-40 -184 0
-41 -185 0
-42 -186 0
-37 -187 0
-38 -188 0
-39 -189 0
-40 -190 0
-41 -191 0
-42 -192 0
-37 -193 0
-38 -194 0
-39 -195 0
-40 -196 0
-41 -197 0
-42 -198 0
-37 -199 0
-38 -200 0
-39 -201 0
-40 -202 0
-41 -203 0
-42 -204 0
-37 -217 0
-38 -218 0
-39 -219 0
-40 -220 0
-41 -221 0
-42 -222 0
-37 -229 0
-38 -230 0
-39 -231 0
-40 -232 0
-41 -233 0
-42 -234 0
-37 -235 0
-38 -236 0
-39 -237 0
-40 -238 0
-41 -239 0
-42 -240 0
-37 -241 0
-38 -242 0
-39 -243 0
-40 -244 0
-41 -245 0
-42 -246 0
-37 -247 0
-38 -248 0
-39 -249 0
-40 -250 0
-41 -251 0
-42 -252 0
-37 -271 0
-38 -272 0
-39 -273 0
-40 -274 0
-41 -275 0
-42 -276 0
-37 -277 0
-38 -278 0
-39 -279 0
-40 -280 0
-41 -281 0
-42 -282 0
-37 -283 0
-38 -284 0
-39 -285 0
-40 -286 0
-41 -287 0
-42 -288 0
-37 -289 0
-38 -290 0
-39 -291 0
-40 -292 0
-41 -293 0
-42 -294 0
-37 -295 0
-38 -296 0
-39 -297 0
-40 -298 0
-41 -299 0
-42 -300 0
-43 -49 0
-44 -50 0
-45 -51 0
-46 -52 0
-47 -53 0
-48 -54 0
-43 -55 0
-44 -56 0
-45 -57 0
-46 -58 0
-47 -59 0
-48 -60 0
-43 -67 0
-44 -68 0
-45 -69 0
-46 -70 0
-47 -71 0
-48 -72 0
-43 -73 0
-44 -74 0
-45 -75 0
-46 -76 0
-47 -77 0
-48 -78 0
-43 -79 0
-44 -80 0
-45 -81 0
-46 -82 0
-47 -83 0
-48 -84 0
-43 -85 0
-44 -86 0
-45 -87 0
-46 -88 0
-47 -89 0
-48 -90 0
-43 -91 0
-44 -92 0
-45 -93 0
-46 -94 0
-47 -95 0
-48 -96 0
-43 -103 0
-44 -104 0
-45 -105 0
-46 -106 0
-47 -107 0
-48 -108 0
-43 -109 0
-44 -110 0
-45 -111 0
-46 -112 0
-47 -113 0
-48 -114 0
-43 -121 0
-44 -122 0
-45 -123 0
-46 -124 0
-47 -125 0
-48 -126 0
-43 -127 0
-44 -128 0
-45 -129 0
-46 -130 0
-47 -131 0
-48 -132 0
-43 -133 0
-44 -134 0
-45 -135 0
-46 -136 0
-47 -137 0
-48 -138 0
-43 -139 0
-44 -140 0
-45 -141 0
-46 -142 0
-47 -143 0
-48 -144 0
-43 -151 0
-44 -152 0
-45 -153 0
-46 -154 0
-47 -155 0
-48 -156 0
-43 -157 0
-44 -158 0
-45 -159 0
-46 -160 0
-47 -161 0
-48 -162 0
-43 -163 0
-44 -164 0
-45 -165 0
-46 -166 0
-47 -167 0
-48 -168 0
-43 -169 0
-44 -170 0
-45 -171 0
-46 -172 0
-47 -173 0
-48 -174 0
-43 -181 0
-44 -182 0
-45 -183 0
-46 -184 0
-47 -185 0
-48 -186 0
-43 -193 0
-44 -194 0
-45 -195 0
-46 -196 0
-47 -197 0
-48 -198 0
-43 -199 0
-44 -200 0
-45 -201 0
-46 -202 0
-47 -203 0
-48 -204 0
-43 -205 0
-44 -206 0
-45 -207 0
-46 -208 0
-47 -209 0
-48 -210 0
-43 -211 0
-44 -212 0
-45 -213 0
-46 -214 0
-47 -215 0
-48 -216 0
-43 -229 0
-44 -230 0
-45 -231 0
-46 -232 0
-47 -233 0
-48 -234 0
-43 -235 0
-44 -236 0
-45 -237 0
-46 -238 0
-47 -239 0
-48 -240 0
-43 -241 0
-44 -242 0
-45 -243 0
-46 -244 0
-47 -245 0
-48 -246 0
-43 -247 0
-44 -248 0
-45 -249 0
-46 -250 0
-47 -251 0
-48 -252 0
-43 -259 0
-44 -260 0
-45 -261 0
-46 -262 0
-47 -263 0
-48 -264 0
-43 -265 0
-44 -266 0
-45 -267 0
-46 -268 0
-47 -269 0
-48 -270 0
-43 -271 0
-44 -272 0
-45 -273 0
-46 -274 0
-47 -275 0
-48 -276 0
-43 -277 0
-44 -278 0
-45 -279 0
-46 -280 0
-47 -281 0
-48 -282 0
-43 -283 0
-44 -284 0
-45 -285 0
-46 -286 0
-47 -287 0
-48 -288 0
-43 -289 0
-44 -290 0
-45 -291 0
-46 -292 0
-47 -293 0
-48 -294 0
-43 -295 0
-44 -296 0
-45 -297 0
-46 -298 0
-47 -299 0
-48 -300 0
-49 -61 0
-50 -62 0
-51 -63 0
-52 -64 0
-53 -65 0
-54 -66 0
-49 -67 0
-50 -68 0
-51 -69 0
-52 -70 0
-53 -71 0
-54 -72 0
-49 -73 0
-50 -74 0
-51 -75 0
-52 -76 0
-53 -77 0
-54 -78 0
-49 -85 0
-50 -86 0
-51 -87 0
-52 -88 0
-53 -89 0
-54 -90 0
-49 -103 0
-50 -104 0
-51 -105 0
-52 -106 0
-53 -107 0
-54 -108 0
-49 -109 0
-50 -110 0
-51 -111 0
-52 -112 0
-53 -113 0
-54 -114 0
-49 -115 0
-50 -116 0
-51 -117 0
-52 -118 0
-53 -119 0
-54 -120 0
-49 -121 0
-50 -122 0
-51 -123 0
-52 -124 0
-53 -125 0
-54 -126 0
-49 -127 0
-50 -128 0
-51 -129 0
-52 -130 0
-53 -131 0
-54 -132 0
-49 -133 0
-50 -134 0
-51 -135 0
-52 -136 0
-53 -137 0
-54 -138 0
-49 -145 0
-50 -146 0
-51 -147 0
-52 -148 0
-53 -149 0
-54 -150 0
-49 -157 0
-50 -158 0
-51 -159 0
-52 -160 0
-53 -161 0
-54 -162 0
-49 -163 0
-50 -164 0
-51 -165 0
-52 -166 0
-53 -167 0
-54 -168 0
-49 -169 0
-50 -170 0
-51 -171 0
-52 -172 0
-53 -173 0
-54 -174 0
-49 -175 0
-50 -176 0
-51 -177 0
-52 -178 0
-53 -179 0
-54 -180 0
-49 -181 0
-50 -182 0
-51 -183 0
-52 -184 0
-53 -185 0
-54 -186 0
-49 -199 0
-50 -200 0
-51 -201 0
-52 -202 0
-53 -203 0
-54 -204 0
-49 -211 0
-50 -212 0
-51 -213 0
-52 -214 0
-53 -215 0
-54 -216 0
-49 -229 0
-50 -230 0
-51 -231 0
-52 -232 0
-53 -233 0
-54 -234 0
-49 -241 0
-50 -242 0
-51 -243 0
-52 -244 0
-53 -245 0
-54 -246 0
-49 -247 0
-50 -248 0
-51 -249 0
-52 -250 0
-53 -251 0
-54 -252 0
-49 -259 0
-50 -260 0
-51 -261 0
-52 -262 0
-53 -263 0
-54 -264 0
-49 -265 0
-50 -266 0
-51 -267 0
-52 -268 0
-53 -269 0
-54 -270 0
-49 -271 0
-50 -272 0
-51 -273 0
-52 -274 0
-53 -275 0
-54 -276 0
-49 -283 0
-50 -284 0
-51 -285 0
-52 -286 0
-53 -287 0
-54 -288 0
-49 -289 0
-50 -290 0
-51 -291 0
-52 -292 0
-53 -293 0
-54 -294 0
-49 -295 0
-50 -296 0
-51 -297 0
-52 -298 0
-53 -299 0
-54 -300 0
-55 -61 0
-56 -62 0
-57 -63 0
-58 -64 0
-59 -65 0
-60 -66 0
-55 -67 0
-56 -68 0
-57 -69 0
-58 -70 0
-59 -71 0
-60 -72 0
-55 -73 0
-56 -74 0
-57 -75 0
-58 -76 0
-59 -77 0
-60 -78 0
-55 -85 0
-56 -86 0
-57 -87 0
-58 -88 0
-59 -89 0
-60 -90 0
-55 -91 0
-56 -92 0
-57 -93 0
-58 -94 0
-59 -95 0
-60 -96 0
-55 -97 0
-56 -98 0
-57 -99 0
-58 -100 0
-59 -101 0
-60 -102 0
-55 -103 0
-56 -104 0
-57 -105 0
-58 -106 0
-59 -107 0
-60 -108 0
-55 -109 0
-56 -110 0
-57 -111 0
-58 -112 0
-59 -113 0
-60 -114 0
-55 -115 0
-56 -116 0
-57 -117 0
-58 -118 0
-59 -119 0
-60 -120 0
-55 -127 0
-56 -128 0
-57 -129 0
-58 -130 0
-59 -131 0
-60 -132 0
-55 -139 0
-56 -140 0
-57 -141 0
-58 -142 0
-59 -143 0
-60 -144 0
-55 -145 0
-56 -146 0
-57 -147 0
-58 -148 0
-59 -149 0
-60 -150 0
-55 -169 0
-56 -170 0
-57 -171 0
-58 -172 0
-59 -173 0
-60 -174 0
-55 -175 0
-56 -176 0
-57 -177 0
-58 -178 0
-59 -179 0
-60 -180 0
-55 -187 0
-56 -188 0
-57 -189 0
-58 -190 0
-59 -191 0
-60 -192 0
-55 -193 0
-56 -194 0
-57 -195 0
-58 -196 0
-59 -197 0
-60 -198 0
-55 -199 0
-56 -200 0
-57 -201 0
-58 -202 0
-59 -203 0
-60 -204 0
-55 -205 0
-56 -206 0
-57 -207 0
-58 -208 0
-59 -209 0
-60 -210 0
-55 -211 0
-56 -212 0
-57 -213 0
-58 -214 0
-59 -215 0
-60 -216 0
-55 -229 0
-56 -230 0
-57 -231 0
-58 -232 0
-59 -233 0
-60 -234 0
-55 -235 0
-56 -236 0
-57 -237 0
-58 -238 0
-59 -239 0
-60 -240 0
-55 -247 0
-56 -248 0
-57 -249 0
-58 -250 0
-59 -251 0
-60 -252 0
-55 -259 0
-56 -260 0
-57 -261 0
-58 -262 0
-59 -263 0
-60 -264 0
-55 -265 0
-56 -266 0
-57 -267 0
-58 -268 0
-59 -269 0
-60 -270 0
-55 -277 0
-56 -278 0
-57 -279 0
-58 -280 0
-59 -281 0
-60 -282 0
-55 -283 0
-56 -284 0
-57 -285 0
-58 -286 0
-59 -287 0
-60 -288 0
-55 -289 0
-56 -290 0
-57 -291 0
-58 -292 0
-59 -293 0
-60 -294 0
-55 -295 0
-56 -296 0
-57 -297 0
-58 -298 0
-59 -299 0
-60 -300 0
-61 -67 0
-62 -68 0
-63 -69 0
-64 -70 0
-65 -71 0
-66 -72 0
-61 -73 0
-62 -74 0
-63 -75 0
-64 -76 0
-65 -77 0
-66 -78 0
-61 -79 0
-62 -80 0
-63 -81 0
-64 -82 0
-65 -83 0
-66 -84 0
-61 -85 0
-62 -86 0
-63 -87 0
-64 -88 0
-65 -89 0
-66 -90 0
-61 -97 0
-62 -98 0
-63 -99 0
-64 -100 0
-65 -101 0
-66 -102 0
-61 -103 0
-62 -104 0
-63 -105 0
-64 -106 0
-65 -107 0
-66 -108 0
-61 -109 0
-62 -110 0
-63 -111 0
-64 -112 0
-65 -113 0
-66 -114 0
-61 -115 0
-62 -116 0
-63 -117 0
-64 -118 0
-65 -119 0
-66 -120 0
-61 -121 0
-62 -122 0
-63 -123 0
-64 -124 0
-65 -125 0
-66 -126 0
-61 -139 0
-62 -140 0
-63 -141 0
-64 -142 0
-65 -143 0
-66 -144 0
-61 -145 0
-62 -146 0
-63 -147 0
-64 -148 0
-65 -149 0
-66 -150 0
-61 -157 0
-62 -158 0
-63 -159 0
-64 -160 0
-65 -161 0
-66 -162 0
-61 -163 0
-62 -164 0
-63 -165 0
-64 -166 0
-65 -167 0
-66 -168 0
-61 -169 0
-62 -170 0
-63 -171 0
-64 -172 0
-65 -173 0
-66 -174 0
-61 -181 0
-62 -182 0
-63 -183 0
-64 -184 0
-65 -185 0
-66 -186 0
-61 -193 0
-62 -194 0
-63 -195 0
-64 -196 0
-65 -197 0
-66 -198 0
-61 -199 0
-62 -200 0
-63 -201 0
-64 -202 0
-65 -203 0
-66 -204 0
-61 -205 0
-62 -206 0
-63 -207 0
-64 -208 0
-65 -209 0
-66 -210 0
-61 -211 0
-62 -212 0
-63 -213 0
-64 -214 0
-65 -215 0
-66 -216 0
-61 -223 0
-62 -224 0
-63 -225 0
-64 -226 0
-65 -227 0
-66 -228 0
-61 -229 0
-62 -230 0
-63 -231 0
-64 -232 0
-65 -233 0
-66 -234 0
-61 -235 0
-62 -236 0
-63 -237 0
-64 -238 0
-65 -239 0
-66 -240 0
-61 -241 0
-62 -242 0
-63 -243 0
-64 -244 0
-65 -245 0
-66 -246 0
-61 -247 0
-62 -248 0
-63 -249 0
-64 -250 0
-65 -251 0
-66 -252 0
-61 -253 0
-62 -254 0
-63 -255 0
-64 -256 0
-65 -257 0
-66 -258 0
-61 -259 0
-62 -260 0
-63 -261 0
-64 -262 0
-65 -263 0
-66 -264 0
-61 -271 0
-62 -272 0
-63 -273 0
-64 -274 0
-65 -275 0
-66 -276 0
-61 -277 0
-62 -278 0
-63 -279 0
-64 -280 0
-65 -281 0
-66 -282 0
-67 -73 0
-68 -74 0
-69 -75 0
-70 -76 0
-71 -77 0
-72 -78 0
-67 -79 0
-68 -80 0
-69 -81 0
-70 -82 0
-71 -83 0
-72 -84 0
-67 -85 0
-68 -86 0
-69 -87 0
-70 -88 0
-71 -89 0
-72 -90 0
-67 -91 0
-68 -92 0
-69 -93 0
-70 -94 0
-71 -95 0
-72 -96 0
-67 -97 0
-68 -98 0
-69 -99 0
-70 -100 0
-71 -101 0
-72 -102 0
-67 -109 0
-68 -110 0
-69 -111 0
-70 -112 0
-71 -113 0
-72 -114 0
-67 -115 0
-68 -116 0
-69 -117 0
-70 -118 0
-71 -119 0
-72 -120 0
-67 -121 0
-68 -122 0
-69 -123 0
-70 -124 0
-71 -125 0
-72 -126 0
-67 -133 0
-68 -134 0
-69 -135 0
-70 -136 0
-71 -137 0
-72 -138 0
-67 -139 0
-68 -140 0
-69 -141 0
-70 -142 0
-71 -143 0
-72 -144 0
-67 -145 0
-68 -146 0
-69 -147 0
-70 -148 0
-71 -149 0
-72 -150 0
-67 -151 0
-68 -152 0
-69 -153 0
-70 -154 0
-71 -155 0
-72 -156 0
-67 -157 0
-68 -158 0
-69 -159 0
-70 -160 0
-71 -161 0
-72 -162 0
-67 -163 0
-68 -164 0
-69 -165 0
-70 -166 0
-71 -167 0
-72 -168 0
-67 -169 0
-68 -170 0
-69 -171 0
-70 -172 0
-71 -173 0
-72 -174 0
-67 -181 0
-68 -182 0
-69 -183 0
-70 -184 0
-71 -185 0
-72 -186 0
-67 -187 0
-68 -188 0
-69 -189 0
-70 -190 0
-71 -191 0
-72 -192 0
-67 -193 0
-68 -194 0
-69 -195 0
-70 -196 0
-71 -197 0
-72 -198 0
-67 -199 0
-68 -200 0
-69 -201 0
-70 -202 0
-71 -203 0
-72 -204 0
-67 -205 0
-68 -206 0
-69 -207 0
-70 -208 0
-71 -209 0
-72 -210 0
-67 -217 0
-68 -218 0
-69 -219 0
-70 -220 0
-71 -221 0
-72 -222 0
-67 -229 0
-68 -230 0
-69 -231 0
-70 -232 0
-71 -233 0
-72 -234 0
-67 -235 0
-68 -236 0
-69 -237 0
-70 -238 0
-71 -239 0
-72 -240 0
-67 -241 0
-68 -242 0
-69 -243 0
-70 -244 0
-71 -245 0
-72 -246 0
-67 -247 0
-68 -248 0
-69 -249 0
-70 -250 0
-71 -251 0
-72 -252 0
-67 -253 0
-68 -254 0
-69 -255 0
-70 -256 0
-71 -257 0
-72 -258 0
-67 -259 0
-68 -260 0
-69 -261 0
-70 -262 0
-71 -263 0
-72 -264 0
-67 -265 0
-68 -266 0
-69 -267 0
-70 -268 0
-71 -269 0
-72 -270 0
-67 -271 0
-68 -272 0
-69 -273 0
-70 -274 0
-71 -275 0
-72 -276 0
-67 -277 0
-68 -278 0
-69 -279 0
-70 -280 0
-71 -281 0
-72 -282 0
-67 -283 0
-68 -284 0
-69 -285 0
-70 -286 0
-71 -287 0
-72 -288 0
-67 -289 0
-68 -290 0
-69 -291 0
-70 -292 0
-71 -293 0
-72 -294 0
-67 -295 0
-68 -296 0
-69 -297 0
-70 -298 0
-71 -299 0
-72 -300 0
-73 -85 0
-74 -86 0
-75 -87 0
-76 -88 0
-77 -89 0
-78 -90 0
-73 -91 0
-74 -92 0
-75 -93 0
-76 -94 0
-77 -95 0
-78 -96 0
-73 -97 0
-74 -98 0
-75 -99 0
-76 -100 0
-77 -101 0
-78 -102 0
-73 -103 0
-74 -104 0
-75 -105 0
-76 -106 0
-77 -107 0
-78 -108 0
-73 -109 0
-74 -110 0
-75 -111 0
-76 -112 0
-77 -113 0
-78 -114 0
-73 -115 0
-74 -116 0
-75 -117 0
-76 -118 0
-77 -119 0
-78 -120 0
-73 -133 0
-74 -134 0
-75 -135 0
-76 -136 0
-77 -137 0
-78 -138 0
-73 -145 0
-74 -146 0
-75 -147 0
-76 -148 0
-77 -149 0
-78 -150 0
-73 -151 0
-74 -152 0
-75 -153 0
-76 -154 0
-77 -155 0
-78 -156 0
-73 -163 0
-74 -164 0
-75 -165 0
-76 -166 0
-77 -167 0
-78 -168 0
-73 -169 0
-74 -170 0
-75 -171 0
-76 -172 0
-77 -173 0
-78 -174 0
-73 -175 0
-74 -176 0
-75 -177 0
-76 -178 0
-77 -179 0
-78 -180 0
-73 -181 0
-74 -182 0
-75 -183 0
-76 -184 0
-77 -185 0
-78 -186 0
-73 -187 0
-74 -188 0
-75 -189 0
-76 -190 0
-77 -191 0
-78 -192 0
-73 -193 0
-74 -194 0
-75 -195 0
-76 -196 0
-77 -197 0
-78 -198 0
-73 -199 0
-74 -200 0
-75 -201 0
-76 -202 0
-77 -203 0
-78 -204 0
-73 -205 0
-74 -206 0
-75 -207 0
-76 -208 0
-77 -209 0
-78 -210 0
-73 -217 0
-74 -218 0
-75 -219 0
-76 -220 0
-77 -221 0
-78 -222 0
-73 -247 0
-74 -248 0
-75 -249 0
-76 -250 0
-77 -251 0
-78 -252 0
-73 -253 0
-74 -254 0
-75 -255 0
-76 -256 0
-77 -257 0
-78 -258 0
-73 -259 0
-74 -260 0
-75 -261 0
-76 -262 0
-77 -263 0
-78 -264 0
-73 -271 0
-74 -272 0
-75 -273 0
-76 -274 0
-77 -275 0
-78 -276 0
-73 -277 0
-74 -278 0
-75 -279 0
-76 -280 0
-77 -281 0
-78 -282 0
-73 -283 0
-74 -284 0
-75 -285 0
-76 -286 0
-77 -287 0
-78 -288 0
-73 -289 0
-74 -290 0
-75 -291 0
-76 -292 0
-77 -293 0
-78 -294 0
-73 -295 0
-74 -296 0
-75 -297 0
-76 -298 0
-77 -299 0
-78 -300 0
-79 -85 0
-80 -86 0
-81 -87 0
-82 -88 0
-83 -89 0
-84 -90 0
-79 -103 0
-80 -104 0
-81 -105 0
-82 -106 0
-83 -107 0
-84 -108 0
-79 -109 0
-80 -110 0
-81 -111 0
-82 -112 0
-83 -113 0
-84 -114 0
-79 -121 0
-80 -122 0
-81 -123 0
-82 -124 0
-83 -125 0
-84 -126 0
-79 -127 0
-80 -128 0
-81 -129 0
-82 -130 0
-83 -131 0
-84 -132 0
-79 -157 0
-80 -158 0
-81 -159 0
-82 -160 0
-83 -161 0
-84 -162 0
-79 -163 0
-80 -164 0
-81 -165 0
-82 -166 0
-83 -167 0
-84 -168 0
-79 -169 0
-80 -170 0
-81 -171 0
-82 -172 0
-83 -173 0
-84 -174 0
-79 -175 0
-80 -176 0
-81 -177 0
-82 -178 0
-83 -179 0
-84 -180 0
-79 -181 0
-80 -182 0
-81 -183 0
-82 -184 0
-83 -185 0
-84 -186 0
-79 -193 0
-80 -194 0
-81 -195 0
-82 -196 0
-83 -197 0
-84 -198 0
-79 -205 0
-80 -206 0
-81 -207 0
-82 -208 0
-83 -209 0
-84 -210 0
-79 -211 0
-80 -212 0
-81 -213 0
-82 -214 0
-83 -215 0
-84 -216 0
-79 -217 0
-80 -218 0
-81 -219 0
-82 -220 0
-83 -221 0
-84 -222 0
-79 -223 0
-80 -224 0
-81 -225 0
-82 -226 0
-83 -227 0
-84 -228 0
-79 -235 0
-80 -236 0
-81 -237 0
-82 -238 0
-83 -239 0
-84 -240 0
-79 -241 0
-80 -242 0
-81 -243 0
-82 -244 0
-83 -245 0
-84 -246 0
-79 -253 0
-80 -254 0
-81 -255 0
-82 -256 0
-83 -257 0
-84 -258 0
-79 -259 0
-80 -260 0
-81 -261 0
-82 -262 0
-83 -263 0
-84 -264 0
-79 -283 0
-80 -284 0
-81 -285 0
-82 -286 0
-83 -287 0
-84 -288 0
-79 -289 0
-80 -290 0
-81 -291 0
-82 -292 0
-83 -293 0
-84 -294 0
-85 -91 0
-86 -92 0
-87 -93 0
-88 -94 0
-89 -95 0
-90 -96 0
-85 -97 0
-86 -98 0
-87 -99 0
-88 -100 0
-89 -101 0
-90 -102 0
-85 -103 0
-86 -104 0
-87 -105 0
-88 -106 0
-89 -107 0
-90 -108 0
-85 -109 0
-86 -110 0
-87 -111 0
-88 -112 0
-89 -113 0
-90 -114 0
-85 -121 0
-86 -122 0
-87 -123 0
-88 -124 0
-89 -125 0
-90 -126 0
-85 -127 0
-86 -128 0
-87 -129 0
-88 -130 0
-89 -131 0
-90 -132 0
-85 -133 0
-86 -134 0
-87 -135 0
-88 -136 0
-89 -137 0
-90 -138 0
-85 -139 0
-86 -140 0
-87 -141 0
-88 -142 0
-89 -143 0
-90 -144 0
-85 -145 0
-86 -146 0
-87 -147 0
-88 -148 0
-89 -149 0
-90 -150 0
-85 -151 0
-86 -152 0
-87 -153 0
-88 -154 0
-89 -155 0
-90 -156 0
-85 -157 0
-86 -158 0
-87 -159 0
-88 -160 0
-89 -161 0
-90 -162 0
-85 -163 0
-86 -164 0
-87 -165 0
-88 -166 0
-89 -167 0
-90 -168 0
-85 -175 0
-86 -176 0
-87 -177 0
-88 -178 0
-89 -179 0
-90 -180 0
-85 -187 0
-86 -188 0
-87 -189 0
-88 -190 0
-89 -191 0
-90 -192 0
-85 -193 0
-86 -194 0
-87 -195 0
-88 -196 0
-89 -197 0
-90 -198 0
-85 -211 0
-86 -212 0
-87 -213 0
-88 -214 0
-89 -215 0
-90 -216 0
-85 -217 0
-86 -218 0
-87 -219 0
-88 -220 0
-89 -221 0
-90 -222 0
-85 -223 0
-86 -224 0
-87 -225 0
-88 -226 0
-89 -227 0
-90 -228 0
-85 -229 0
-86 -230 0
-87 -231 0
-88 -232 0
-89 -233 0
-90 -234 0
-85 -241 0
-86 -242 0
-87 -243 0
-88 -244 0
-89 -245 0
-90 -246 0
-85 -247 0
-86 -248 0
-87 -249 0
-88 -250 0
-89 -251 0
-90 -252 0
-85 -253 0
-86 -254 0
-87 -255 0
-88 -256 0
-89 -257 0
-90 -258 0
-85 -259 0
-86 -260 0
-87 -261 0
-88 -262 0
-89 -263 0
-90 -264 0
-85 -265 0
-86 -266 0
-87 -267 0
-88 -268 0
-89 -269 0
-90 -270 0
-85 -283 0
-86 -284 0
-87 -285 0
-88 -286 0
-89 -287 0
-90 -288 0
-85 -295 0
-86 -296 0
-87 -297 0
-88 -298 0
-89 -299 0
-90 -300 0
-91 -103 0
-92 -104 0
-93 -105 0
-94 -106 0
-95 -107 0
-96 -108 0
-91 -109 0
-92 -110 0
-93 -111 0
-94 -112 0
-95 -113 0
-96 -114 0
-91 -115 0
-92 -116 0
-93 -117 0
-94 -118 0
-95 -119 0
-96 -120 0
-91 -121 0
-92 -122 0
-93 -123 0
-94 -124 0
-95 -125 0
-96 -126 0
-91 -127 0
-92 -128 0
-93 -129 0
-94 -130 0
-95 -131 0
-96 -132 0
-91 -133 0
-92 -134 0
-93 -135 0
-94 -136 0
-95 -137 0
-96 -138 0
-91 -139 0
-92 -140 0
-93 -141 0
-94 -142 0
-95 -143 0
-96 -144 0
-91 -145 0
-92 -146 0
-93 -147 0
-94 -148 0
-95 -149 0
-96 -150 0
-91 -151 0
-92 -152 0
-93 -153 0
-94 -154 0
-95 -155 0
-96 -156 0
-91 -157 0
-92 -158 0
-93 -159 0
-94 -160 0
-95 -161 0
-96 -162 0
-91 -175 0
-92 -176 0
-93 -177 0
-94 -178 0
-95 -179 0
-96 -180 0
-91 -187 0
-92 -188 0
-93 -189 0
-94 -190 0
-95 -191 0
-96 -192 0
-91 -193 0
-92 -194 0
-93 -195 0
-94 -196 0
-95 -197 0
-96 -198 0
-91 -199 0
-92 -200 0
-93 -201 0
-94 -202 0
-95 -203 0
-96 -204 0
-91 -205 0
-92 -206 0
-93 -207 0
-94 -208 0
-95 -209 0
-96 -210 0
-91 -211 0
-92 -212 0
-93 -213 0
-94 -214 0
-95 -215 0
-96 -216 0
-91 -217 0
-92 -218 0
-93 -219 0
-94 -220 0
-95 -221 0
-96 -222 0
-91 -223 0
-92 -224 0
-93 -225 0
-94 -226 0
-95 -227 0
-96 -228 0
-91 -229 0
-92 -230 0
-93 -231 0
-94 -232 0
-95 -233 0
-96 -234 0
-91 -235 0
-92 -236 0
-93 -237 0
-94 -238 0
-95 -239 0
-96 -240 0
-91 -253 0
-92 -254 0
-93 -255 0
-94 -256 0
-95 -257 0
-96 -258 0
-91 -259 0
-92 -260 0
-93 -261 0
-94 -262 0
-95 -263 0
-96 -264 0
-91 -265 0
-92 -266 0
-93 -267 0
-94 -268 0
-95 -269 0
-96 -270 0
-91 -271 0
-92 -272 0
-93 -273 0
-94 -274 0
-95 -275 0
-96 -276 0
-91 -277 0
-92 -278 0
-93 -279 0
-94 -280 0
-95 -281 0
-96 -282 0
-91 -283 0
-92 -284 0
-93 -285 0
-94 -286 0
-95 -287 0
-96 -288 0
-91 -289 0
-92 -290 0
-93 -291 0
-94 -292 0
-95 -293 0
-96 -294 0
-91 -295 0
-92 -296 0
-93 -297 0
-94 -298 0
-95 -299 0
-96 -300 0
-97 -103 0
-98 -104 0
-99 -105 0
-100 -106 0
-101 -107 0
-102 -108 0
-97 -109 0
-98 -110 0
-99 -111 0
-100 -112 0
-101 -113 0
-102 -114 0
-97 -121 0
-98 -122 0
-99 -123 0
-100 -124 0
-101 -125 0
-102 -126 0
-97 -127 0
-98 -128 0
-99 -129 0
-100 -130 0
-101 -131 0
-102 -132 0
-97 -133 0
-98 -134 0
-99 -135 0
-100 -136 0
-101 -137 0
-102 -138 0
-97 -139 0
-98 -140 0
-99 -141 0
-100 -142 0
-101 -143 0
-102 -144 0
-97 -157 0
-98 -158 0
-99 -159 0
-100 -160 0
-101 -161 0
-102 -162 0
-97 -163 0
-98 -164 0
-99 -165 0
-100 -166 0
-101 -167 0
-102 -168 0
-97 -169 0
-98 -170 0
-99 -171 0
-100 -172 0
-101 -173 0
-102 -174 0
-97 -175 0
-98 -176 0
-99 -177 0
-100 -178 0
-101 -179 0
-102 -180 0
-97 -187 0
-98 -188 0
-99 -189 0
-100 -190 0
-101 -191 0
-102 -192 0
-97 -193 0
-98 -194 0
-99 -195 0
-100 -196 0
-101 -197 0
-102 -198 0
-97 -199 0
-98 -200 0
-99 -201 0
-100 -202 0
-101 -203 0
-102 -204 0
-97 -205 0
-98 -206 0
-99 -207 0
-100 -208 0
-101 -209 0
-102 -210 0
-97 -211 0
-98 -212 0
-99 -213 0
-100 -214 0
-101 -215 0
-102 -216 0
-97 -235 0
-98 -236 0
-99 -237 0
-100 -238 0
-101 -239 0
-102 -240 0
-97 -241 0
-98 -242 0
-99 -243 0
-100 -244 0
-101 -245 0
-102 -246 0
-97 -247 0
-98 -248 0
-99 -249 0
-100 -250 0
-101 -251 0
-102 -252 0
-97 -253 0
-98 -254 0
-99 -255 0
-100 -256 0
-101 -257 0
-102 -258 0
-97 -259 0
-98 -260 0
-99 -261 0
-100 -262 0
-101 -263 0
-102 -264 0
-97 -277 0
-98 -278 0
-99 -279 0
-100 -280 0
-101 -281 0
-102 -282 0
-97 -289 0
-98 -290 0
-99 -291 0
-100 -292 0
-101 -293 0
-102 -294 0
-97 -295 0
-98 -296 0
-99 -297 0
-100 -298 0
-101 -299 0
-102 -300 0
-103 -109 0
-104 -110 0
-105 -111 0
-106 -112 0
-107 -113 0
-108 -114 0
-103 -115 0
-104 -116 0
-105 -117 0
-106 -118 0
-107 -119 0
-108 -120 0
-103 -121 0
-104 -122 0
-105 -123 0
-106 -124 0
-107 -125 0
-108 -126 0
-103 -127 0
-104 -128 0
-105 -129 0
-106 -130 0
-107 -131 0
-108 -132 0
-103 -133 0
-104 -134 0
-105 -135 0
-106 -136 0
-107 -137 0
-108 -138 0
-103 -145 0
-104 -146 0
-105 -147 0
-106 -148 0
-107 -149 0
-108 -150 0
-103 -151 0
-104 -152 0
-105 -153 0
-106 -154 0
-107 -155 0
-108 -156 0
-103 -157 0
-104 -158 0
-105 -159 0
-106 -160 0
-107 -161 0
-108 -162 0
-103 -169 0
-104 -170 0
-105 -171 0
-106 -172 0
-107 -173 0
-108 -174 0
-103 -181 0
-104 -182 0
-105 -183 0
-106 -184 0
-107 -185 0
-108 -186 0
-103 -187 0
-104 -188 0
-105 -189 0
-106 -190 0
-107 -191 0
-108 -192 0
-103 -193 0
-104 -194 0
-105 -195 0
-106 -196 0
-107 -197 0
-108 -198 0
-103 -205 0
-104 -206 0
-105 -207 0
-106 -208 0
-107 -209 0
-108 -210 0
-103 -217 0
-104 -218 0
-105 -219 0
-106 -220 0
-107 -221 0
-108 -222 0
-103 -223 0
-104 -224 0
-105 -225 0
-106 -226 0
-107 -227 0
-108 -228 0
-103 -229 0
-104 -230 0
-105 -231 0
-106 -232 0
-107 -233 0
-108 -234 0
-103 -241 0
-104 -242 0
-105 -243 0
-106 -244 0
-107 -245 0
-108 -246 0
-103 -247 0
-104 -248 0
-105 -249 0
-106 -250 0
-107 -251 0
-108 -252 0
-103 -253 0
-104 -254 0
-105 -255 0
-106 -256 0
-107 -257 0
-108 -258 0
-103 -259 0
-104 -260 0
-105 -261 0
-106 -262 0
-107 -263 0
-108 -264 0
-103 -277 0
-104 -278 0
-105 -279 0
-106 -280 0
-107 -281 0
-108 -282 0
-103 -283 0
-104 -284 0
-105 -285 0
-106 -286 0
-107 -287 0
-108 -288 0
-103 -289 0
-104 -290 0
-105 -291 0
-106 -292 0
-107 -293 0
-108 -294 0
-103 -295 0
-104 -296 0
-105 -297 0
-106 -298 0
-107 -299 0
-108 -300 0
-109 -115 0
-110 -116 0
-111 -117 0
-112 -118 0
-113 -119 0
-114 -120 0
-109 -133 0
-110 -134 0
-111 -135 0
-112 -136 0
-113 -137 0
-114 -138 0
-109 -139 0
-110 -140 0
-111 -141 0
-112 -142 0
-113 -143 0
-114 -144 0
-109 -145 0
-110 -146 0
-111 -147 0
-112 -148 0
-113 -149 0
-114 -150 0
-109 -151 0
-110 -152 0
-111 -153 0
-112 -154 0
-113 -155 0
-114 -156 0
-109 -163 0
-110 -164 0
-111 -165 0
-112 -166 0
-113 -167 0
-114 -168 0
-109 -169 0
-110 -170 0
-111 -171 0
-112 -172 0
-113 -173 0
-114 -174 0
-109 -175 0
-110 -176 0
-111 -177 0
-112 -178 0
-113 -179 0
-114 -180 0
-109 -181 0
-110 -182 0
-111 -183 0
-112 -184 0
-113 -185 0
-114 -186 0
-109 -187 0
-110 -188 0
-111 -189 0
-112 -190 0
-113 -191 0
-114 -192 0
-109 -193 0
-110 -194 0
-111 -195 0
-112 -196 0
-113 -197 0
-114 -198 0
-109 -199 0
-110 -200 0
-111 -201 0
-112 -202 0
-113 -203 0
-114 -204 0
-109 -205 0
-110 -206 0
-111 -207 0
-112 -208 0
-113 -209 0
-114 -210 0
-109 -211 0
-110 -212 0
-111 -213 0
-112 -214 0
-113 -215 0
-114 -216 0
-109 -217 0
-110 -218 0
-111 -219 0
-112 -220 0
-113 -221 0
-114 -222 0
-109 -223 0
-110 -224 0
-111 -225 0
-112 -226 0
-113 -227 0
-114 -228 0
-109 -235 0
-110 -236 0
-111 -237 0
-112 -238 0
-113 -239 0
-114 -240 0
-109 -247 0
-110 -248 0
-111 -249 0
-112 -250 0
-113 -251 0
-114 -252 0
-109 -253 0
-110 -254 0
-111 -255 0
-112 -256 0
-113 -257 0
-114 -258 0
-109 -259 0
-110 -260 0
-111 -261 0
-112 -262 0
-113 -263 0
-114 -264 0
-109 -265 0
-110 -266 0
-111 -267 0
-112 -268 0
-113 -269 0
-114 -270 0
-109 -271 0
-110 -272 0
-111 -273 0
-112 -274 0
-113 -275 0
-114 -276 0
-109 -277 0
-110 -278 0
-111 -279 0
-112 -280 0
-113 -281 0
-114 -282 0
-109 -283 0
-110 -284 0
-111 -285 0
-112 -286 0
-113 -287 0
-114 -288 0
-109 -289 0
-110 -290 0
-111 -291 0
-112 -292 0
-113 -293 0
-114 -294 0
-115 -121 0
-116 -122 0
-117 -123 0
-118 -124 0
-119 -125 0
-120 -126 0
-115 -127 0
-116 -128 0
-117 -129 0
-118 -130 0
-119 -131 0
-120 -132 0
-115 -133 0
-116 -134 0
-117 -135 0
-118 -136 0
-119 -137 0
-120 -138 0
-115 -139 0
-116 -140 0
-117 -141 0
-118 -142 0
-119 -143 0
-120 -144 0
-115 -145 0
-116 -146 0
-117 -147 0
-118 -148 0
-119 -149 0
-120 -150 0
-115 -151 0
-116 -152 0
-117 -153 0
-118 -154 0
-119 -155 0
-120 -156 0
-115 -163 0
-116 -164 0
-117 -165 0
-118 -166 0
-119 -167 0
-120 -168 0
-115 -169 0
-116 -170 0
-117 -171 0
-118 -172 0
-119 -173 0
-120 -174 0
-115 -175 0
-116 -176 0
-117 -177 0
-118 -178 0
-119 -179 0
-120 -180 0
-115 -181 0
-116 -182 0
-117 -183 0
-118 -184 0
-119 -185 0
-120 -186 0
-115 -187 0
-116 -188 0
-117 -189 0
-118 -190 0
-119 -191 0
-120 -192 0
-115 -199 0
-116 -200 0
-117 -201 0
-118 -202 0
-119 -203 0
-120 -204 0
-115 -211 0
-116 -212 0
-117 -213 0
-118 -214 0
-119 -215 0
-120 -216 0
-115 -217 0
-116 -218 0
-117 -219 0
-118 -220 0
-119 -221 0
-120 -222 0
-115 -223 0
-116 -224 0
-117 -225 0
-118 -226 0
-119 -227 0
-120 -228 0
-115 -229 0
-116 -230 0
-117 -231 0
-118 -232 0
-119 -233 0
-120 -234 0
-115 -235 0
-116 -236 0
-117 -237 0
-118 -238 0
-119 -239 0
-120 -240 0
-115 -241 0
-116 -242 0
-117 -243 0
-118 -244 0
-119 -245 0
-120 -246 0
-115 -247 0
-116 -248 0
-117 -249 0
-118 -250 0
-119 -251 0
-120 -252 0
-115 -253 0
-116 -254 0
-117 -255 0
-118 -256 0
-119 -257 0
-120 -258 0
-115 -265 0
-116 -266 0
-117 -267 0
-118 -268 0
-119 -269 0
-120 -270 0
-115 -271 0
-116 -272 0
-117 -273 0
-118 -274 0
-119 -275 0
-120 -276 0
-115 -283 0
-116 -284 0
-117 -285 0
-118 -286 0
-119 -287 0
-120 -288 0
-115 -289 0
-116 -290 0
-117 -291 0
-118 -292 0
-119 -293 0
-120 -294 0
-115 -295 0
-116 -296 0
-117 -297 0
-118 -298 0
-119 -299 0
-120 -300 0
-121 -127 0
-122 -128 0
-123 -129 0
-124 -130 0
-125 -131 0
-126 -132 0
-121 -133 0
-122 -134 0
-123 -135 0
-124 -136 0
-125 -137 0
-126 -138 0
-121 -157 0
-122 -158 0
-123 -159 0
-124 -160 0
-125 -161 0
-126 -162 0
-121 -163 0
-122 -164 0
-123 -165 0
-124 -166 0
-125 -167 0
-126 -168 0
-121 -175 0
-122 -176 0
-123 -177 0
-124 -178 0
-125 -179 0
-126 -180 0
-121 -181 0
-122 -182 0
-123 -183 0
-124 -184 0
-125 -185 0
-126 -186 0
-121 -187 0
-122 -188 0
-123 -189 0
-124 -190 0
-125 -191 0
-126 -192 0
-121 -193 0
-122 -194 0
-123 -195 0
-124 -196 0
-125 -197 0
-126 -198 0
-121 -217 0
-122 -218 0
-123 -219 0
-124 -220 0
-125 -221 0
-126 -222 0
-121 -223 0
-122 -224 0
-123 -225 0
-124 -226 0
-125 -227 0
-126 -228 0
-121 -229 0
-122 -230 0
-123 -231 0
-124 -232 0
-125 -233 0
-126 -234 0
-121 -241 0
-122 -242 0
-123 -243 0
-124 -244 0
-125 -245 0
-126 -246 0
-121 -253 0
-122 -254 0
-123 -255 0
-124 -256 0
-125 -257 0
-126 -258 0
-121 -259 0
-122 -260 0
-123 -261 0
-124 -262 0
-125 -263 0
-126 -264 0
-121 -265 0
-122 -266 0
-123 -267 0
-124 -268 0
-125 -269 0
-126 -270 0
-121 -271 0
-122 -272 0
-123 -273 0
-124 -274 0
-125 -275 0
-126 -276 0
-121 -277 0
-122 -278 0
-123 -279 0
-124 -280 0
-125 -281 0
-126 -282 0
-121 -289 0
-122 -290 0
-123 -291 0
-124 -292 0
-125 -293 0
-126 -294 0
-127 -139 0
-128 -140 0
-129 -141 0
-130 -142 0
-131 -143 0
-132 -144 0
-127 -145 0
-128 -146 0
-129 -147 0
-130 -148 0
-131 -149 0
-132 -150 0
-127 -151 0
-128 -152 0
-129 -153 0
-130 -154 0
-131 -155 0
-132 -156 0
-127 -163 0
-128 -164 0
-129 -165 0
-130 -166 0
-131 -167 0
-132 -168 0
-127 -169 0
-128 -170 0
-129 -171 0
-130 -172 0
-131 -173 0
-132 -174 0
-127 -175 0
-128 -176 0
-129 -177 0
-130 -178 0
-131 -179 0
-132 -180 0
-127 -181 0
-128 -182 0
-129 -183 0
-130 -184 0
-131 -185 0
-132 -186 0
-127 -193 0
-128 -194 0
-129 -195 0
-130 -196 0
-131 -197 0
-132 -198 0
-127 -199 0
-128 -200 0
-129 -201 0
-130 -202 0
-131 -203 0
-132 -204 0
-127 -211 0
-128 -212 0
-129 -213 0
-130 -214 0
-131 -215 0
-132 -216 0
-127 -217 0
-128 -218 0
-129 -219 0
-130 -220 0
-131 -221 0
-132 -222 0
-127 -223 0
-128 -224 0
-129 -225 0
-130 -226 0
-131 -227 0
-132 -228 0
-127 -229 0
-128 -230 0
-129 -231 0
-130 -232 0
-131 -233 0
-132 -234 0
-127 -235 0
-128 -236 0
-129 -237 0
-130 -238 0
-131 -239 0
-132 -240 0
-127 -241 0
-128 -242 0
-129 -243 0
-130 -244 0
-131 -245 0
-132 -246 0
-127 -247 0
-128 -248 0
-129 -249 0
-130 -250 0
-131 -251 0
-132 -252 0
-127 -259 0
-128 -260 0
-129 -261 0
-130 -262 0
-131 -263 0
-132 -264 0
-127 -265 0
-128 -266 0
-129 -267 0
-130 -268 0
-131 -269 0
-132 -270 0
-127 -271 0
-128 -272 0
-129 -273 0
-130 -274 0
-131 -275 0
-132 -276 0
-127 -277 0
-128 -278 0
-129 -279 0
-130 -280 0
-131 -281 0
-132 -282 0
-127 -283 0
-128 -284 0
-129 -285 0
-130 -286 0
-131 -287 0
-132 -288 0
-127 -289 0
-128 -290 0
-129 -291 0
-130 -292 0
-131 -293 0
-132 -294 0
-127 -295 0
-128 -296 0
-129 -297 0
-130 -298 0
-131 -299 0
-132 -300 0
-133 -139 0
-134 -140 0
-135 -141 0
-136 -142 0
-137 -143 0
-138 -144 0
-133 -145 0
-134 -146 0
-135 -147 0
-136 -148 0
-137 -149 0
-138 -150 0
-133 -151 0
-134 -152 0
-135 -153 0
-136 -154 0
-137 -155 0
-138 -156 0
-133 -157 0
-134 -158 0
-135 -159 0
-136 -160 0
-137 -161 0
-138 -162 0
-133 -163 0
-134 -164 0
-135 -165 0
-136 -166 0
-137 -167 0
-138 -168 0
-133 -181 0
-134 -182 0
-135 -183 0
-136 -184 0
-137 -185 0
-138 -186 0
-133 -187 0
-134 -188 0
-135 -189 0
-136 -190 0
-137 -191 0
-138 -192 0
-133 -193 0
-134 -194 0
-135 -195 0
-136 -196 0
-137 -197 0
-138 -198 0
-133 -199 0
-134 -200 0
-135 -201 0
-136 -202 0
-137 -203 0
-138 -204 0
-133 -211 0
-134 -212 0
-135 -213 0
-136 -214 0
-137 -215 0
-138 -216 0
-133 -217 0
-134 -218 0
-135 -219 0
-136 -220 0
-137 -221 0
-138 -222 0
-133 -223 0
-134 -224 0
-135 -225 0
-136 -226 0
-137 -227 0
-138 -228 0
-133 -229 0
-134 -230 0
-135 -231 0
-136 -232 0
-137 -233 0
-138 -234 0
-133 -235 0
-134 -236 0
-135 -237 0
-136 -238 0
-137 -239 0
-138 -240 0
-133 -241 0
-134 -242 0
-135 -243 0
-136 -244 0
-137 -245 0
-138 -246 0
-133 -247 0
-134 -248 0
-135 -249 0
-136 -250 0
-137 -251 0
-138 -252 0
-133 -253 0
-134 -254 0
-135 -255 0
-136 -256 0
-137 -257 0
-138 -258 0
-133 -259 0
-134 -260 0
-135 -261 0
-136 -262 0
-137 -263 0
-138 -264 0
-133 -271 0
-134 -272 0
-135 -273 0
-136 -274 0
-137 -275 0
-138 -276 0
-133 -277 0
-134 -278 0
-135 -279 0
-136 -280 0
-137 -281 0
-138 -282 0
-133 -283 0
-134 -284 0
-135 -285 0
-136 -286 0
-137 -287 0
-138 -288 0
-133 -289 0
-134 -290 0
-135 -291 0
-136 -292 0
-137 -293 0
-138 -294 0
-139 -145 0
-140 -146 0
-141 -147 0
-142 -148 0
-143 -149 0
-144 -150 0
-139 -151 0
-140 -152 0
-141 -153 0
-142 -154 0
-143 -155 0
-144 -156 0
-139 -175 0
-140 -176 0
-141 -177 0
-142 -178 0
-143 -179 0
-144 -180 0
-139 -187 0
-140 -188 0
-141 -189 0
-142 -190 0
-143 -191 0
-144 -192 0
-139 -193 0
-140 -194 0
-141 -195 0
-142 -196 0
-143 -197 0
-144 -198 0
-139 -199 0
-140 -200 0
-141 -201 0
-142 -202 0
-143 -203 0
-144 -204 0
-139 -211 0
-140 -212 0
-141 -213 0
-142 -214 0
-143 -215 0
-144 -216 0
-139 -217 0
-140 -218 0
-141 -219 0
-142 -220 0
-143 -221 0
-144 -222 0
-139 -223 0
-140 -224 0
-141 -225 0
-142 -226 0
-143 -227 0
-144 -228 0
-139 -229 0
-140 -230 0
-141 -231 0
-142 -232 0
-143 -233 0
-144 -234 0
-139 -247 0
-140 -248 0
-141 -249 0
-142 -250 0
-143 -251 0
-144 -252 0
-139 -253 0
-140 -254 0
-141 -255 0
-142 -256 0
-143 -257 0
-144 -258 0
-139 -259 0
-140 -260 0
-141 -261 0
-142 -262 0
-143 -263 0
-144 -264 0
-139 -265 0
-140 -266 0
-141 -267 0
-142 -268 0
-143 -269 0
-144 -270 0
-139 -277 0
-140 -278 0
-141 -279 0
-142 -280 0
-143 -281 0
-144 -282 0
-139 -283 0
-140 -284 0
-141 -285 0
-142 -286 0
-143 -287 0
-144 -288 0
-139 -289 0
-140 -290 0
-141 -291 0
-142 -292 0
-143 -293 0
-144 -294 0
-139 -295 0
-140 -296 0
-141 -297 0
-142 -298 0
-143 -299 0
-144 -300 0
-145 -157 0
-146 -158 0
-147 -159 0
-148 -160 0
-149 -161 0
-150 -162 0
-145 -163 0
-146 -164 0
-147 -165 0
-148 -166 0
-149 -167 0
-150 -168 0
-145 -169 0
-146 -170 0
-147 -171 0
-148 -172 0
-149 -173 0
-150 -174 0
-145 -175 0
-146 -176 0
-147 -177 0
-148 -178 0
-149 -179 0
-150 -180 0
-145 -187 0
-146 -188 0
-147 -189 0
-148 -190 0
-149 -191 0
-150 -192 0
-145 -193 0
-146 -194 0
-147 -195 0
-148 -196 0
-149 -197 0
-150 -198 0
-145 -211 0
-146 -212 0
-147 -213 0
-148 -214 0
-149 -215 0
-150 -216 0
-145 -217 0
-146 -218 0
-147 -219 0
-148 -220 0
-149 -221 0
-150 -222 0
-145 -223 0
-146 -224 0
-147 -225 0
-148 -226 0
-149 -227 0
-150 -228 0
-145 -229 0
-146 -230 0
-147 -231 0
-148 -232 0
-149 -233 0
-150 -234 0
-145 -241 0
-146 -242 0
-147 -243 0
-148 -244 0
-149 -245 0
-150 -246 0
-145 -247 0
-146 -248 0
-147 -249 0
-148 -250 0
-149 -251 0
-150 -252 0
-145 -253 0
-146 -254 0
-147 -255 0
-148 -256 0
-149 -257 0
-150 -258 0
-145 -259 0
-146 -260 0
-147 -261 0
-148 -262 0
-149 -263 0
-150 -264 0
-145 -265 0
-146 -266 0
-147 -267 0
-148 -268 0
-149 -269 0
-150 -270 0
-145 -277 0
-146 -278 0
-147 -279 0
-148 -280 0
-149 -281 0
-150 -282 0
-145 -283 0
-146 -284 0
-147 -285 0
-148 -286 0
-149 -287 0
-150 -288 0
-145 -289 0
-146 -290 0
-147 -291 0
-148 -292 0
-149 -293 0
-150 -294 0
-145 -295 0
-146 -296 0
-147 -297 0
-148 -298 0
-149 -299 0
-150 -300 0
-151 -157 0
-152 -158 0
-153 -159 0
-154 -160 0
-155 -161 0
-156 -162 0
-151 -163 0
-152 -164 0
-153 -165 0
-154 -166 0
-155 -167 0
-156 -168 0
-151 -169 0
-152 -170 0
-153 -171 0
-154 -172 0
-155 -173 0
-156 -174 0
-151 -187 0
-152 -188 0
-153 -189 0
-154 -190 0
-155 -191 0
-156 -192 0
-151 -193 0
-152 -194 0
-153 -195 0
-154 -196 0
-155 -197 0
-156 -198 0
-151 -199 0
-152 -200 0
-153 -201 0
-154 -202 0
-155 -203 0
-156 -204 0
-151 -205 0
-152 -206 0
-153 -207 0
-154 -208 0
-155 -209 0
-156 -210 0
-151 -223 0
-152 -224 0
-153 -225 0
-154 -226 0
-155 -227 0
-156 -228 0
-151 -247 0
-152 -248 0
-153 -249 0
-154 -250 0
-155 -251 0
-156 -252 0
-151 -259 0
-152 -260 0
-153 -261 0
-154 -262 0
-155 -263 0
-156 -264 0
-151 -265 0
-152 -266 0
-153 -267 0
-154 -268 0
-155 -269 0
-156 -270 0
-151 -277 0
-152 -278 0
-153 -279 0
-154 -280 0
-155 -281 0
-156 -282 0
-151 -283 0
-152 -284 0
-153 -285 0
-154 -286 0
-155 -287 0
-156 -288 0
-151 -289 0
-152 -290 0
-153 -291 0
-154 -292 0
-155 -293 0
-156 -294 0
-151 -295 0
-152 -296 0
-153 -297 0
-154 -298 0
-155 -299 0
-156 -300 0
-157 -163 0
-158 -164 0
-159 -165 0
-160 -166 0
-161 -167 0
-162 -168 0
-157 -181 0
-158 -182 0
-159 -183 0
-160 -184 0
-161 -185 0
-162 -186 0
-157 -193 0
-158 -194 0
-159 -195 0
-160 -196 0
-161 -197 0
-162 -198 0
-157 -205 0
-158 -206 0
-159 -207 0
-160 -208 0
-161 -209 0
-162 -210 0
-157 -211 0
-158 -212 0
-159 -213 0
-160 -214 0
-161 -215 0
-162 -216 0
-157 -217 0
-158 -218 0
-159 -219 0
-160 -220 0
-161 -221 0
-162 -222 0
-157 -223 0
-158 -224 0
-159 -225 0
-160 -226 0
-161 -227 0
-162 -228 0
-157 -229 0
-158 -230 0
-159 -231 0
-160 -232 0
-161 -233 0
-162 -234 0
-157 -241 0
-158 -242 0
-159 -243 0
-160 -244 0
-161 -245 0
-162 -246 0
-157 -247 0
-158 -248 0
-159 -249 0
-160 -250 0
-161 -251 0
-162 -252 0
-157 -253 0
-158 -254 0
-159 -255 0
-160 -256 0
-161 -257 0
-162 -258 0
-157 -259 0
-158 -260 0
-159 -261 0
-160 -262 0
-161 -263 0
-162 -264 0
-157 -265 0
-158 -266 0
-159 -267 0
-160 -268 0
-161 -269 0
-162 -270 0
-157 -271 0
-158 -272 0
-159 -273 0
-160 -274 0
-161 -275 0
-162 -276 0
-157 -277 0
-158 -278 0
-159 -279 0
-160 -280 0
-161 -281 0
-162 -282 0
-157 -283 0
-158 -284 0
-159 -285 0
-160 -286 0
-161 -287 0
-162 -288 0
-157 -295 0
-158 -296 0
-159 -297 0
-160 -298 0
-161 -299 0
-162 -300 0
-163 -169 0
-164 -170 0
-165 -171 0
-166 -172 0
-167 -173 0
-168 -174 0
-163 -187 0
-164 -188 0
-165 -189 0
-166 -190 0
-167 -191 0
-168 -192 0
-163 -193 0
-164 -194 0
-165 -195 0
-166 -196 0
-167 -197 0
-168 -198 0
-163 -199 0
-164 -200 0
-165 -201 0
-166 -202 0
-167 -203 0
-168 -204 0
-163 -211 0
-164 -212 0
-165 -213 0
-166 -214 0
-167 -215 0
-168 -216 0
-163 -217 0
-164 -218 0
-165 -219 0
-166 -220 0
-167 -221 0
-168 -222 0
-163 -223 0
-164 -224 0
-165 -225 0
-166 -226 0
-167 -227 0
-168 -228 0
-163 -229 0
-164 -230 0
-165 -231 0
-166 -232 0
-167 -233 0
-168 -234 0
-163 -235 0
-164 -236 0
-165 -237 0
-166 -238 0
-167 -239 0
-168 -240 0
-163 -241 0
-164 -242 0
-165 -243 0
-166 -244 0
-167 -245 0
-168 -246 0
-163 -247 0
-164 -248 0
-165 -249 0
-166 -250 0
-167 -251 0
-168 -252 0
-163 -253 0
-164 -254 0
-165 -255 0
-166 -256 0
-167 -257 0
-168 -258 0
-163 -265 0
-164 -266 0
-165 -267 0
-166 -268 0
-167 -269 0
-168 -270 0
-163 -271 0
-164 -272 0
-165 -273 0
-166 -274 0
-167 -275 0
-168 -276 0
-163 -277 0
-164 -278 0
-165 -279 0
-166 -280 0
-167 -281 0
-168 -282 0
-163 -283 0
-164 -284 0
-165 -285 0
-166 -286 0
-167 -287 0
-168 -288 0
-163 -289 0
-164 -290 0
-165 -291 0
-166 -292 0
-167 -293 0
-168 -294 0
-169 -181 0
-170 -182 0
-171 -183 0
-172 -184 0
-173 -185 0
-174 -186 0
-169 -193 0
-170 -194 0
-171 -195 0
-172 -196 0
-173 -197 0
-174 -198 0
-169 -199 0
-170 -200 0
-171 -201 0
-172 -202 0
-173 -203 0
-174 -204 0
-169 -205 0
-170 -206 0
-171 -207 0
-172 -208 0
-173 -209 0
-174 -210 0
-169 -211 0
-170 -212 0
-171 -213 0
-172 -214 0
-173 -215 0
-174 -216 0
-169 -223 0
-170 -224 0
-171 -225 0
-172 -226 0
-173 -227 0
-174 -228 0
-169 -229 0
-170 -230 0
-171 -231 0
-172 -232 0
-173 -233 0
-174 -234 0
-169 -235 0
-170 -236 0
-171 -237 0
-172 -238 0
-173 -239 0
-174 -240 0
-169 -247 0
-170 -248 0
-171 -249 0
-172 -250 0
-173 -251 0
-174 -252 0
-169 -253 0
-170 -254 0
-171 -255 0
-172 -256 0
-173 -257 0
-174 -258 0
-169 -265 0
-170 -266 0
-171 -267 0
-172 -268 0
-173 -269 0
-174 -270 0
-169 -271 0
-170 -272 0
-171 -273 0
-172 -274 0
-173 -275 0
-174 -276 0
-169 -277 0
-170 -278 0
-171 -279 0
-172 -280 0
-173 -281 0
-174 -282 0
-169 -289 0
-170 -290 0
-171 -291 0
-172 -292 0
-173 -293 0
-174 -294 0
-175 -181 0
-176 -182 0
-177 -183 0
-178 -184 0
-179 -185 0
-180 -186 0
-175 -187 0
-176 -188 0
-177 -189 0
-178 -190 0
-179 -191 0
-180 -192 0
-175 -199 0
-176 -200 0
-177 -201 0
-178 -202 0
-179 -203 0
-180 -204 0
-175 -205 0
-176 -206 0
-177 -207 0
-178 -208 0
-179 -209 0
-180 -210 0
-175 -211 0
-176 -212 0
-177 -213 0
-178 -214 0
-179 -215 0
-180 -216 0
-175 -217 0
-176 -218 0
-177 -219 0
-178 -220 0
-179 -221 0
-180 -222 0
-175 -223 0
-176 -224 0
-177 -225 0
-178 -226 0
-179 -227 0
-180 -228 0
-175 -235 0
-176 -236 0
-177 -237 0
-178 -238 0
-179 -239 0
-180 -240 0
-175 -241 0
-176 -242 0
-177 -243 0
-178 -244 0
-179 -245 0
-180 -246 0
-175 -247 0
-176 -248 0
-177 -249 0
-178 -250 0
-179 -251 0
-180 -252 0
-175 -253 0
-176 -254 0
-177 -255 0
-178 -256 0
-179 -257 0
-180 -258 0
-175 -259 0
-176 -260 0
-177 -261 0
-178 -262 0
-179 -263 0
-180 -264 0
-175 -271 0
-176 -272 0
-177 -273 0
-178 -274 0
-179 -275 0
-180 -276 0
-175 -277 0
-176 -278 0
-177 -279 0
-178 -280 0
-179 -281 0
-180 -282 0
-175 -283 0
-176 -284 0
-177 -285 0
-178 -286 0
-179 -287 0
-180 -288 0
-175 -289 0
-176 -290 0
-177 -291 0
-178 -292 0
-179 -293 0
-180 -294 0
-175 -295 0
-176 -296 0
-177 -297 0
-178 -298 0
-179 -299 0
-180 -300 0
-181 -187 0
-182 -188 0
-183 -189 0
-184 -190 0
-185 -191 0
-186 -192 0
-181 -193 0
-182 -194 0
-183 -195 0
-184 -196 0
-185 -197 0
-186 -198 0
-181 -211 0
-182 -212 0
-183 -213 0
-184 -214 0
-185 -215 0
-186 -216 0
-181 -217 0
-182 -218 0
-183 -219 0
-184 -220 0
-185 -221 0
-186 -222 0
-181 -223 0
-182 -224 0
-183 -225 0
-184 -226 0
-185 -227 0
-186 -228 0
-181 -229 0
-182 -230 0
-183 -231 0
-184 -232 0
-185 -233 0
-186 -234 0
-181 -241 0
-182 -242 0
-183 -243 0
-184 -244 0
-185 -245 0
-186 -246 0
-181 -247 0
-182 -248 0
-183 -249 0
-184 -250 0
-185 -251 0
-186 -252 0
-181 -253 0
-182 -254 0
-183 -255 0
-184 -256 0
-185 -257 0
-186 -258 0
-181 -265 0
-182 -266 0
-183 -267 0
-184 -268 0
-185 -269 0
-186 -270 0
-181 -271 0
-182 -272 0
-183 -273 0
-184 -274 0
-185 -275 0
-186 -276 0
-181 -277 0
-182 -278 0
-183 -279 0
-184 -280 0
-185 -281 0
-186 -282 0
-181 -283 0
-182 -284 0
-183 -285 0
-184 -286 0
-185 -287 0
-186 -288 0
-181 -295 0
-182 -296 0
-183 -297 0
-184 -298 0
-185 -299 0
-186 -300 0
-187 -193 0
-188 -194 0
-189 -195 0
-190 -196 0
-191 -197 0
-192 -198 0
-187 -199 0
-188 -200 0
-189 -201 0
-190 -202 0
-191 -203 0
-192 -204 0
-187 -205 0
-188 -206 0
-189 -207 0
-190 -208 0
-191 -209 0
-192 -210 0
-187 -217 0
-188 -218 0
-189 -219 0
-190 -220 0
-191 -221 0
-192 -222 0
-187 -223 0
-188 -224 0
-189 -225 0
-190 -226 0
-191 -227 0
-192 -228 0
-187 -235 0
-188 -236 0
-189 -237 0
-190 -238 0
-191 -239 0
-192 -240 0
-187 -241 0
-188 -242 0
-189 -243 0
-190 -244 0
-191 -245 0
-192 -246 0
-187 -247 0
-188 -248 0
-189 -249 0
-190 -250 0
-191 -251 0
-192 -252 0
-187 -259 0
-188 -260 0
-189 -261 0
-190 -262 0
-191 -263 0
-192 -264 0
-187 -265 0
-188 -266 0
-189 -267 0
-190 -268 0
-191 -269 0
-192 -270 0
-187 -271 0
-188 -272 0
-189 -273 0
-190 -274 0
-191 -275 0
-192 -276 0
-187 -277 0
-188 -278 0
-189 -279 0
-190 -280 0
-191 -281 0
-192 -282 0
-187 -283 0
-188 -284 0
-189 -285 0
-190 -286 0
-191 -287 0
-192 -288 0
-187 -295 0
-188 -296 0
-189 -297 0
-190 -298 0
-191 -299 0
-192 -300 0
-193 -211 0
-194 -212 0
-195 -213 0
-196 -214 0
-197 -215 0
-198 -216 0
-193 -223 0
-194 -224 0
-195 -225 0
-196 -226 0
-197 -227 0
-198 -228 0
-193 -229 0
-194 -230 0
-195 -231 0
-196 -232 0
-197 -233 0
-198 -234 0
-193 -241 0
-194 -242 0
-195 -243 0
-196 -244 0
-197 -245 0
-198 -246 0
-193 -247 0
-194 -248 0
-195 -249 0
-196 -250 0
-197 -251 0
-198 -252 0
-193 -253 0
-194 -254 0
-195 -255 0
-196 -256 0
-197 -257 0
-198 -258 0
-193 -259 0
-194 -260 0
-195 -261 0
-196 -262 0
-197 -263 0
-198 -264 0
-193 -265 0
-194 -266 0
-195 -267 0
-196 -268 0
-197 -269 0
-198 -270 0
-193 -271 0
-194 -272 0
-195 -273 0
-196 -274 0
-197 -275 0
-198 -276 0
-193 -277 0
-194 -278 0
-195 -279 0
-196 -280 0
-197 -281 0
-198 -282 0
-193 -289 0
-194 -290 0
-195 -291 0
-196 -292 0
-197 -293 0
-198 -294 0
-193 -295 0
-194 -296 0
-195 -297 0
-196 -298 0
-197 -299 0
-198 -300 0
-199 -205 0
-200 -206 0
-201 -207 0
-202 -208 0
-203 -209 0
-204 -210 0
-199 -211 0
-200 -212 0
-201 -213 0
-202 -214 0
-203 -215 0
-204 -216 0
-199 -217 0
-200 -218 0
-201 -219 0
-202 -220 0
-203 -221 0
-204 -222 0
-199 -223 0
-200 -224 0
-201 -225 0
-202 -226 0
-203 -227 0
-204 -228 0
-199 -229 0
-200 -230 0
-201 -231 0
-202 -232 0
-203 -233 0
-204 -234 0
-199 -235 0
-200 -236 0
-201 -237 0
-202 -238 0
-203 -239 0
-204 -240 0
-199 -241 0
-200 -242 0
-201 -243 0
-202 -244 0
-203 -245 0
-204 -246 0
-199 -253 0
-200 -254 0
-201 -255 0
-202 -256 0
-203 -257 0
-204 -258 0
-199 -271 0
-200 -272 0
-201 -273 0
-202 -274 0
-203 -275 0
-204 -276 0
-199 -277 0
-200 -278 0
-201 -279 0
-202 -280 0
-203 -281 0
-204 -282 0
-199 -283 0
-200 -284 0
-201 -285 0
-202 -286 0
-203 -287 0
-204 -288 0
-199 -289 0
-200 -290 0
-201 -291 0
-202 -292 0
-203 -293 0
-204 -294 0
-199 -295 0
-200 -296 0
-201 -297 0
-202 -298 0
-203 -299 0
-204 -300 0
-205 -211 0
-206 -212 0
-207 -213 0
-208 -214 0
-209 -215 0
-210 -216 0
-205 -217 0
-206 -218 0
-207 -219 0
-208 -220 0
-209 -221 0
-210 -222 0
-205 -229 0
-206 -230 0
-207 -231 0
-208 -232 0
-209 -233 0
-210 -234 0
-205 -235 0
-206 -236 0
-207 -237 0
-208 -238 0
-209 -239 0
-210 -240 0
-205 -241 0
-206 -242 0
-207 -243 0
-208 -244 0
-209 -245 0
-210 -246 0
-205 -247 0
-206 -248 0
-207 -249 0
-208 -250 0
-209 -251 0
-210 -252 0
-205 -253 0
-206 -254 0
-207 -255 0
-208 -256 0
-209 -257 0
-210 -258 0
-205 -259 0
-206 -260 0
-207 -261 0
-208 -262 0
-209 -263 0
-210 -264 0
-205 -265 0
-206 -266 0
-207 -267 0
-208 -268 0
-209 -269 0
-210 -270 0
-205 -271 0
-206 -272 0
-207 -273 0
-208 -274 0
-209 -275 0
-210 -276 0
-205 -277 0
-206 -278 0
-207 -279 0
-208 -280 0
-209 -281 0
-210 -282 0
-205 -283 0
-206 -284 0
-207 -285 0
-208 -286 0
-209 -287 0
-210 -288 0
-205 -295 0
-206 -296 0
-207 -297 0
-208 -298 0
-209 -299 0
-210 -300 0
-211 -217 0
-212 -218 0
-213 -219 0
-214 -220 0
-215 -221 0
-216 -222 0
-211 -229 0
-212 -230 0
-213 -231 0
-214 -232 0
-215 -233 0
-216 -234 0
-211 -235 0
-212 -236 0
-213 -237 0
-214 -238 0
-215 -239 0
-216 -240 0
-211 -241 0
-212 -242 0
-213 -243 0
-214 -244 0
-215 -245 0
-216 -246 0
-211 -247 0
-212 -248 0
-213 -249 0
-214 -250 0
-215 -251 0
-216 -252 0
-211 -259 0
-212 -260 0
-213 -261 0
-214 -262 0
-215 -263 0
-216 -264 0
-211 -265 0
-212 -266 0
-213 -267 0
-214 -268 0
-215 -269 0
-216 -270 0
-211 -277 0
-212 -278 0
-213 -279 0
-214 -280 0
-215 -281 0
-216 -282 0
-211 -283 0
-212 -284 0
-213 -285 0
-214 -286 0
-215 -287 0
-216 -288 0
-211 -289 0
-212 -290 0
-213 -291 0
-214 -292 0
-215 -293 0
-216 -294 0
-217 -223 0
-218 -224 0
-219 -225 0
-220 -226 0
-221 -227 0
-222 -228 0
-217 -229 0
-218 -230 0
-219 -231 0
-220 -232 0
-221 -233 0
-222 -234 0
-217 -241 0
-218 -242 0
-219 -243 0
-220 -244 0
-221 -245 0
-222 -246 0
-217 -247 0
-218 -248 0
-219 -249 0
-220 -250 0
-221 -251 0
-222 -252 0
-217 -253 0
-218 -254 0
-219 -255 0
-220 -256 0
-221 -257 0
-222 -258 0
-217 -271 0
-218 -272 0
-219 -273 0
-220 -274 0
-221 -275 0
-222 -276 0
-217 -277 0
-218 -278 0
-219 -279 0
-220 -280 0
-221 -281 0
-222 -282 0
-217 -283 0
-218 -284 0
-219 -285 0
-220 -286 0
-221 -287 0
-222 -288 0
-217 -289 0
-218 -290 0
-219 -291 0
-220 -292 0
-221 -293 0
-222 -294 0
-217 -295 0
-218 -296 0
-219 -297 0
-220 -298 0
-221 -299 0
-222 -300 0
-223 -229 0
-224 -230 0
-225 -231 0
-226 -232 0
-227 -233 0
-228 -234 0
-223 -241 0
-224 -242 0
-225 -243 0
-226 -244 0
-227 -245 0
-228 -246 0
-223 -247 0
-224 -248 0
-225 -249 0
-226 -250 0
-227 -251 0
-228 -252 0
-223 -253 0
-224 -254 0
-225 -255 0
-226 -256 0
-227 -257 0
-228 -258 0
-223 -265 0
-224 -266 0
-225 -267 0
-226 -268 0
-227 -269 0
-228 -270 0
-223 -271 0
-224 -272 0
-225 -273 0
-226 -274 0
-227 -275 0
-228 -276 0
-223 -277 0
-224 -278 0
-225 -279 0
-226 -280 0
-227 -281 0
-228 -282 0
-223 -283 0
-224 -284 0
-225 -285 0
-226 -286 0
-227 -287 0
-228 -288 0
-223 -289 0
-224 -290 0
-225 -291 0
-226 -292 0
-227 -293 0
-228 -294 0
-223 -295 0
-224 -296 0
-225 -297 0
-226 -298 0
-227 -299 0
-228 -300 0
-229 -235 0
-230 -236 0
-231 -237 0
-232 -238 0
-233 -239 0
-234 -240 0
-229 -241 0
-230 -242 0
-231 -243 0
-232 -244 0
-233 -245 0
-234 -246 0
-229 -247 0
-230 -248 0
-231 -249 0
-232 -250 0
-233 -251 0
-234 -252 0
-229 -259 0
-230 -260 0
-231 -261 0
-232 -262 0
-233 -263 0
-234 -264 0
-229 -265 0
-230 -266 0
-231 -267 0
-232 -268 0
-233 -269 0
-234 -270 0
-229 -271 0
-230 -272 0
-231 -273 0
-232 -274 0
-233 -275 0
-234 -276 0
-229 -277 0
-230 -278 0
-231 -279 0
-232 -280 0
-233 -281 0
-234 -282 0
-229 -283 0
-230 -284 0
-231 -285 0
-232 -286 0
-233 -287 0
-234 -288 0
-229 -289 0
-230 -290 0
-231 -291 0
-232 -292 0
-233 -293 0
-234 -294 0
-229 -295 0
-230 -296 0
-231 -297 0
-232 -298 0
-233 -299 0
-234 -300 0
-235 -247 0
-236 -248 0
-237 -249 0
-238 -250 0
-239 -251 0
-240 -252 0
-235 -253 0
-236 -254 0
-237 -255 0
-238 -256 0
-239 -257 0
-240 -258 0
-235 -259 0
-236 -260 0
-237 -261 0
-238 -262 0
-239 -263 0
-240 -264 0
-235 -265 0
-236 -266 0
-237 -267 0
-238 -268 0
-239 -269 0
-240 -270 0
-235 -271 0
-236 -272 0
-237 -273 0
-238 -274 0
-239 -275 0
-240 -276 0
-235 -277 0
-236 -278 0
-237 -279 0
-238 -280 0
-239 -281 0
-240 -282 0
-235 -283 0
-236 -284 0
-237 -285 0
-238 -286 0
-239 -287 0
-240 -288 0
-235 -289 0
-236 -290 0
-237 -291 0
-238 -292 0
-239 -293 0
-240 -294 0
-235 -295 0
-236 -296 0
-237 -297 0
-238 -298 0
-239 -299 0
-240 -300 0
-241 -247 0
-242 -248 0
-243 -249 0
-244 -250 0
-245 -251 0
-246 -252 0
-241 -259 0
-242 -260 0
-243 -261 0
-244 -262 0
-245 -263 0
-246 -264 0
-241 -265 0
-242 -266 0
-243 -267 0
-244 -268 0
-245 -269 0
-246 -270 0
-241 -277 0
-242 -278 0
-243 -279 0
-244 -280 0
-245 -281 0
-246 -282 0
-241 -283 0
-242 -284 0
-243 -285 0
-244 -286 0
-245 -287 0
-246 -288 0
-241 -289 0
-242 -290 0
-243 -291 0
-244 -292 0
-245 -293 0
-246 -294 0
-247 -253 0
-248 -254 0
-249 -255 0
-250 -256 0
-251 -257 0
-252 -258 0
-247 -259 0
-248 -260 0
-249 -261 0
-250 -262 0
-251 -263 0
-252 -264 0
-247 -265 0
-248 -266 0
-249 -267 0
-250 -268 0
-251 -269 0
-252 -270 0
-247 -271 0
-248 -272 0
-249 -273 0
-250 -274 0
-251 -275 0
-252 -276 0
-247 -289 0
-248 -290 0
-249 -291 0
-250 -292 0
-251 -293 0
-252 -294 0
-247 -295 0
-248 -296 0
-249 -297 0
-250 -298 0
-251 -299 0
-252 -300 0
-253 -259 0
-254 -260 0
-255 -261 0
-256 -262 0
-257 -263 0
-258 -264 0
-253 -265 0
-254 -266 0
-255 -267 0
-256 -268 0
-257 -269 0
-258 -270 0
-253 -271 0
-254 -272 0
-255 -273 0
-256 -274 0
-257 -275 0
-258 -276 0
-253 -277 0
-254 -278 0
-255 -279 0
-256 -280 0
-257 -281 0
-258 -282 0
-253 -283 0
-254 -284 0
-255 -285 0
-256 -286 0
-257 -287 0
-258 -288 0
-253 -295 0
-254 -296 0
-255 -297 0
-256 -298 0
-257 -299 0
-258 -300 0
-259 -265 0
-260 -266 0
-261 -267 0
-262 -268 0
-263 -269 0
-264 -270 0
-259 -271 0
-260 -272 0
-261 -273 0
-262 -274 0
-263 -275 0
-264 -276 0
-259 -289 0
-260 -290 0
-261 -291 0
-262 -292 0
-263 -293 0
-264 -294 0
-259 -295 0
-260 -296 0
-261 -297 0
-262 -298 0
-263 -299 0
-264 -300 0
-265 -289 0
-266 -290 0
-267 -291 0
-268 -292 0
-269 -293 0
-270 -294 0
-265 -295 0
-266 -296 0
-267 -297 0
-268 -298 0
-269 -299 0
-270 -300 0
-271 -277 0
-272 -278 0
-273 -279 0
-274 -280 0
-275 -281 0
-276 -282 0
-271 -283 0
-272 -284 0
-273 -285 0
-274 -286 0
-275 -287 0
-276 -288 0
-271 -289 0
-272 -290 0
-273 -291 0
-274 -292 0
-275 -293 0
-276 -294 0
-271 -295 0
-272 -296 0
-273 -297 0
-274 -298 0
-275 -299 0
-276 -300 0
-277 -283 0
-278 -284 0
-279 -285 0
-280 -286 0
-281 -287 0
-282 -288 0
-277 -289 0
-278 -290 0
-279 -291 0
-280 -292 0
-281 -293 0
-282 -294 0
-277 -295 0
-278 -296 0
-279 -297 0
-280 -298 0
-281 -299 0
-282 -300 0
-283 -289 0
-284 -290 0
-285 -291 0
-286 -292 0
-287 -293 0
-288 -294 0
-283 -295 0
-284 -296 0
-285 -297 0
-286 -298 0
-287 -299 0
-288 -300 0
-289 -295 0
-290 -296 0
-291 -297 0
-292 -298 0
-293 -299 0
-294 -300 0
