p cnf 350 6434
1 2 3 4 5 6 7 0
8 9 10 11 12 13 14 0
15 16 17 18 19 20 21 0
22 23 24 25 26 27 28 0
29 30 31 32 33 34 35 0
36 37 38 39 40 41 42 0
43 44 45 46 47 48 49 0
50 51 52 53 54 55 56 0
57 58 59 60 61 62 63 0
64 65 66 67 68 69 70 0
71 72 73 74 75 76 77 0
78 79 80 81 82 83 84 0
85 86 87 88 89 90 91 0
92 93 94 95 96 97 98 0
99 100 101 102 103 104 105 0
106 107 108 109 110 111 112 0
113 114 115 116 117 118 119 0
120 121 122 123 124 125 126 0
127 128 129 130 131 132 133 0
134 135 136 137 138 139 140 0
141 142 143 144 145 146 147 0
148 149 150 151 152 153 154 0
155 156 157 158 159 160 161 0
162 163 164 165 166 167 168 0
169 170 171 172 173 174 175 0
176 177 178 179 180 181 182 0
183 184 185 186 187 188 189 0
190 191 192 193 194 195 196 0
197 198 199 200 201 202 203 0
204 205 206 207 208 209 210 0
211 212 213 214 215 216 217 0
218 219 220 221 222 223 224 0
225 226 227 228 229 230 231 0
232 233 234 235 236 237 238 0
239 240 241 242 243 244 245 0
246 247 248 249 250 251 252 0
253 254 255 256 257 258 259 0
260 261 262 263 264 265 266 0
267 268 269 270 271 272 273 0
274 275 276 277 278 279 280 0
281 282 283 284 285 286 287 0
288 289 290 291 292 293 294 0
295 296 297 298 299 300 301 0
302 303 304 305 306 307 308 0
309 310 311 312 313 314 315 0
316 317 318 319 320 321 322 0
323 324 325 326 327 328 329 0
330 331 332 333 334 335 336 0
337 338 339 340 341 342 343 0
344 345 346 347 348 349 350 0
-1 -8 0
-2 -9 0
-3 -10 0
-4 -11 0
-5 -12 0
-6 -13 0
-7 -14 0
-1 -15 0
-2 -16 0
-3 -17 0
-4 -18 0
-5 -19 0
-6 -20 0
-7 -21 0
-1 -22 0
-2 -23 0
-3 -24 0
-4 -25 0
-5 -26 0
-6 -27 0
-7 -28 0
-1 -29 0
-2 -30 0
-3 -31 0
-4 -32 0
-5 -33 0
-6 -34 0
-7 -35 0
-1 -64 0
-2 -65 0
-3 -66 0
-4 -67 0
-5 -68 0
-6 -69 0
-7 -70 0
-1 -71 0
-2 -72 0
-3 -73 0
-4 -74 0
-5 -75 0
-6 -76 0
-7 -77 0
-1 -78 0
-2 -79 0
-3 -80 0
-4 -81 0
-5 -82 0
-6 -83 0
-7 -84 0
-1 -92 0
-2 -93 0
-3 -94 0
-4 -95 0
-5 -96 0
-6 -97 0
-7 -98 0
-1 -99 0
-2 -100 0
-3 -101 0
-4 -102 0
-5 -103 0
-6 -104 0
-7 -105 0
-1 -106 0
-2 -107 0
-3 -108 0
-4 -109 0
-5 -110 0
-6 -111 0
-7 -112 0
-1 -113 0
-2 -114 0
-3 -115 0
-4 -116 0
-5 -117 0
-6 -118 0
-7 -119 0
-1 -120 0
-2 -121 0
-3 -122 0
-4 -123 0
-5 -124 0
-6 -125 0
-7 -126 0
-1 -127 0
-2 -128 0
-3 -129 0
-4 -130 0
-5 -131 0
-6 -132 0
-7 -133 0
-1 -134 0
-2 -135 0
-3 -136 0
-4 -137 0
-5 -138 0
-6 -139 0
-7 -140 0
-1 -141 0
-2 -142 0
-3 -143 0
-4 -144 0
-5 -145 0
-6 -146 0
-7 -147 0
-1 -148 0
-2 -149 0
-3 -150 0
-4 -151 0
-5 -152 0
-6 -153 0
-7 -154 0
-1 -155 0
-2 -156 0
-3 -157 0
-4 -158 0
-5 -159 0
-6 -160 0
-7 -161 0
-1 -176 0
-2 -177 0
-3 -178 0
-4 -179 0
-5 -180 0
-6 -181 0
-7 -182 0
-1 -197 0
-2 -198 0
-3 -199 0
-4 -200 0
-5 -201 0
-6 -202 0
-7 -203 0
-1 -204 0
-2 -205 0
-3 -206 0
-4 -207 0
-5 -208 0
-6 -209 0
-7 -210 0
-1 -211 0
-2 -212 0
-3 -213 0
-4 -214 0
-5 -215 0
-6 -216 0
-7 -217 0
-1 -225 0
-2 -226 0
-3 -227 0
-4 -228 0
-5 -229 0
-6 -230 0
-7 -231 0
-1 -232 0
-2 -233 0
-3 -234 0
-4 -235 0
-5 -236 0
-6 -237 0
-7 -238 0
-1 -246 0
-2 -247 0
-3 -248 0
-4 -249 0
-5 -250 0
-6 -251 0
-7 -252 0
-1 -253 0
-2 -254 0
-3 -255 0
-4 -256 0
-5 -257 0
-6 -258 0
-7 -259 0
-1 -260 0
-2 -261 0
-3 -262 0
-4 -263 0
-5 -264 0
-6 -265 0
-7 -266 0
-1 -267 0
-2 -268 0
-3 -269 0
-4 -270 0
-5 -271 0
-6 -272 0
-7 -273 0
-1 -274 0
-2 -275 0
-3 -276 0
-4 -277 0
-5 -278 0
-6 -279 0
-7 -280 0
-1 -281 0
-2 -282 0
-3 -283 0
-4 -284 0
-5 -285 0
-6 -286 0
-7 -287 0
-1 -288 0
-2 -289 0
-3 -290 0
-4 -291 0
-5 -292 0
-6 -293 0
-7 -294 0
-1 -295 0
-2 -296 0
-3 -297 0
-4 -298 0
-5 -299 0
-6 -300 0
-7 -301 0
-1 -309 0
-2 -310 0
-3 -311 0
-4 -312 0
-5 -313 0
-6 -314 0
-7 -315 0
-1 -316 0
-2 -317 0
-3 -318 0
-4 -319 0
-5 -320 0
-6 -321 0
-7 -322 0
-1 -323 0
-2 -324 0
-3 -325 0
-4 -326 0
-5 -327 0
-6 -328 0
-7 -329 0
-1 -330 0
-2 -331 0
-3 -332 0
-4 -333 0
-5 -334 0
-6 -335 0
-7 -336 0
-1 -337 0
-2 -338 0
-3 -339 0
-4 -340 0
-5 -341 0
-6 -342 0
-7 -343 0
-1 -344 0
-2 -345 0
-3 -346 0
-4 -347 0
-5 -348 0
-6 -349 0
-7 -350 0
-8 -15 0
-9 -16 0
-10 -17 0
-11 -18 0
-12 -19 0
-13 -20 0
-14 -21 0
-8 -22 0
-9 -23 0
-10 -24 0
-11 -25 0
-12 -26 0
-13 -27 0
-14 -28 0
-8 -36 0
-9 -37 0
-10 -38 0
-11 -39 0
-12 -40 0
-13 -41 0
-14 -42 0
-8 -50 0
-9 -51 0
-10 -52 0
-11 -53 0
-12 -54 0
-13 -55 0
-14 -56 0
-8 -64 0
-9 -65 0
-10 -66 0
-11 -67 0
-12 -68 0
-13 -69 0
-14 -70 0
-8 -71 0
-9 -72 0
-10 -73 0
-11 -74 0
-12 -75 0
-13 -76 0
-14 -77 0
-8 -78 0
-9 -79 0
-10 -80 0
-11 -81 0
-12 -82 0
-13 -83 0
-14 -84 0
-8 -99 0
-9 -100 0
-10 -101 0
-11 -102 0
-12 -103 0
-13 -104 0
-14 -105 0
-8 -106 0
-9 -107 0
-10 -108 0
-11 -109 0
-12 -110 0
-13 -111 0
-14 -112 0
-8 -113 0
-9 -114 0
-10 -115 0
-11 -116 0
-12 -117 0
-13 -118 0
-14 -119 0
-8 -127 0
-9 -128 0
-10 -129 0
-11 -130 0
-12 -131 0
-13 -132 0
-14 -133 0
-8 -134 0
-9 -135 0
-10 -136 0
-11 -137 0
-12 -138 0
-13 -139 0
-14 -140 0
-8 -141 0
-9 -142 0
-10 -143 0
-11 -144 0
-12 -145 0
-13 -146 0
-14 -147 0
-8 -148 0
-9 -149 0
-10 -150 0
-11 -151 0
-12 -152 0
-13 -153 0
-14 -154 0
-8 -162 0
-9 -163 0
-10 -164 0
-11 -165 0
-12 -166 0
-13 -167 0
-14 -168 0
-8 -169 0
-9 -170 0
-10 -171 0
-11 -172 0
-12 -173 0
-13 -174 0
-14 -175 0
-8 -176 0
-9 -177 0
-10 -178 0
-11 -179 0
-12 -180 0
-13 -181 0
-14 -182 0
-8 -183 0
-9 -184 0
-10 -185 0
-11 -186 0
-12 -187 0
-13 -188 0
-14 -189 0
-8 -190 0
-9 -191 0
-10 -192 0
-11 -193 0
-12 -194 0
-13 -195 0
-14 -196 0
-8 -197 0
-9 -198 0
-10 -199 0
-11 -200 0
-12 -201 0
-13 -202 0
-14 -203 0
-8 -204 0
-9 -205 0
-10 -206 0
-11 -207 0
-12 -208 0
-13 -209 0
-14 -210 0
-8 -211 0
-9 -212 0
-10 -213 0
-11 -214 0
-12 -215 0
-13 -216 0
-14 -217 0
-8 -225 0
-9 -226 0
-10 -227 0
-11 -228 0
-12 -229 0
-13 -230 0
-14 -231 0
-8 -232 0
-9 -233 0
-10 -234 0
-11 -235 0
-12 -236 0
-13 -237 0
-14 -238 0
-8 -246 0
-9 -247 0
-10 -248 0
-11 -249 0
-12 -250 0
-13 -251 0
-14 -252 0
-8 -253 0
-9 -254 0
-10 -255 0
-11 -256 0
-12 -257 0
-13 -258 0
-14 -259 0
-8 -260 0
-9 -261 0
-10 -262 0
-11 -263 0
-12 -264 0
-13 -265 0
-14 -266 0
-8 -281 0
-9 -282 0
-10 -283 0
-11 -284 0
-12 -285 0
-13 -286 0
-14 -287 0
-8 -288 0
-9 -289 0
-10 -290 0
-11 -291 0
-12 -292 0
-13 -293 0
-14 -294 0
-8 -295 0
-9 -296 0
-10 -297 0
-11 -298 0
-12 -299 0
-13 -300 0
-14 -301 0
-8 -302 0
-9 -303 0
-10 -304 0
-11 -305 0
-12 -306 0
-13 -307 0
-14 -308 0
-8 -316 0
-9 -317 0
-10 -318 0
-11 -319 0
-12 -320 0
-13 -321 0
-14 -322 0
-8 -323 0
-9 -324 0
-10 -325 0
-11 -326 0
-12 -327 0
-13 -328 0
-14 -329 0
-8 -330 0
-9 -331 0
-10 -332 0
-11 -333 0
-12 -334 0
-13 -335 0
-14 -336 0
-8 -337 0
-9 -338 0
-10 -339 0
-11 -340 0
-12 -341 0
-13 -342 0
-14 -343 0
-15 -22 0
-16 -23 0
-17 -24 0
-18 -25 0
-19 -26 0
-20 -27 0
-21 -28 0
-15 -29 0
-16 -30 0
-17 -31 0
-18 -32 0
-19 -33 0
-20 -34 0
-21 -35 0
-15 -36 0
-16 -37 0
-17 -38 0
-18 -39 0
-19 -40 0
-20 -41 0
-21 -42 0
-15 -43 0
-16 -44 0
-17 -45 0
-18 -46 0
-19 -47 0
-20 -48 0
-21 -49 0
-15 -50 0
-16 -51 0
-17 -52 0
-18 -53 0
-19 -54 0
-20 -55 0
-21 -56 0
-15 -57 0
-16 -58 0
-17 -59 0
-18 -60 0
-19 -61 0
-20 -62 0
-21 -63 0
-15 -64 0
-16 -65 0
-17 -66 0
-18 -67 0
-19 -68 0
-20 -69 0
-21 -70 0
-15 -71 0
-16 -72 0
-17 -73 0
-18 -74 0
-19 -75 0
-20 -76 0
-21 -77 0
-15 -78 0
-16 -79 0
-17 -80 0
-18 -81 0
-19 -82 0
-20 -83 0
-21 -84 0
-15 -85 0
-16 -86 0
-17 -87 0
-18 -88 0
-19 -89 0
-20 -90 0
-21 -91 0
-15 -92 0
-16 -93 0
-17 -94 0
-18 -95 0
-19 -96 0
-20 -97 0
-21 -98 0
-15 -99 0
-16 -100 0
-17 -101 0
-18 -102 0
-19 -103 0
-20 -104 0
-21 -105 0
-15 -106 0
-16 -107 0
-17 -108 0
-18 -109 0
-19 -110 0
-20 -111 0
-21 -112 0
-15 -120 0
-16 -121 0
-17 -122 0
-18 -123 0
-19 -124 0
-20 -125 0
-21 -126 0
-15 -127 0
-16 -128 0
-17 -129 0
-18 -130 0
-19 -131 0
-20 -132 0
-21 -133 0
-15 -141 0
-16 -142 0
-17 -143 0
-18 -144 0
-19 -145 0
-20 -146 0
-21 -147 0
-15 -148 0
-16 -149 0
-17 -150 0
-18 -151 0
-19 -152 0
-20 -153 0
-21 -154 0
-15 -162 0
-16 -163 0
-17 -164 0
-18 -165 0
-19 -166 0
-20 -167 0
-21 -168 0
-15 -176 0
-16 -177 0
-17 -178 0
-18 -179 0
-19 -180 0
-20 -181 0
-21 -182 0
-15 -183 0
-16 -184 0
-17 -185 0
-18 -186 0
-19 -187 0
-20 -188 0
-21 -189 0
-15 -190 0
-16 -191 0
-17 -192 0
-18 -193 0
-19 -194 0
-20 -195 0
-21 -196 0
-15 -204 0
-16 -205 0
-17 -206 0
-18 -207 0
-19 -208 0
-20 -209 0
-21 -210 0
-15 -211 0
-16 -212 0
-17 -213 0
-18 -214 0
-19 -215 0
-20 -216 0
-21 -217 0
-15 -218 0
-16 -219 0
-17 -220 0
-18 -221 0
-19 -222 0
-20 -223 0
-21 -224 0
-15 -225 0
-16 -226 0
-17 -227 0
-18 -228 0
-19 -229 0
-20 -230 0
-21 -231 0
-15 -232 0
-16 -233 0
-17 -234 0
-18 -235 0
-19 -236 0
-20 -237 0
-21 -238 0
-15 -246 0
-16 -247 0
-17 -248 0
-18 -249 0
-19 -250 0
-20 -251 0
-21 -252 0
-15 -253 0
-16 -254 0
-17 -255 0
-18 -256 0
-19 -257 0
-20 -258 0
-21 -259 0
-15 -260 0
-16 -261 0
-17 -262 0
-18 -263 0
-19 -264 0
-20 -265 0
-21 -266 0
-15 -288 0
-16 -289 0
-17 -290 0
-18 -291 0
-19 -292 0
-20 -293 0
-21 -294 0
-15 -295 0
-16 -296 0
-17 -297 0
-18 -298 0
-19 -299 0
-20 -300 0
-21 -301 0
-15 -302 0
-16 -303 0
-17 -304 0
-18 -305 0
-19 -306 0
-20 -307 0
-21 -308 0
-15 -316 0
-16 -317 0
-17 -318 0
-18 -319 0
-19 -320 0
-20 -321 0
-21 -322 0
-15 -323 0
-16 -324 0
-17 -325 0
-18 -326 0
-19 -327 0
-20 -328 0
-21 -329 0
-15 -330 0
-16 -331 0
-17 -332 0
-18 -333 0
-19 -334 0
-20 -335 0
-21 -336 0
-15 -337 0
-16 -338 0
-17 -339 0
-18 -340 0
-19 -341 0
-20 -342 0
-21 -343 0
-22 -29 0
-23 -30 0
-24 -31 0
-25 -32 0
-26 -33 0
-27 -34 0
-28 -35 0
-22 -36 0
-23 -37 0
-24 -38 0
-25 -39 0
-26 -40 0
-27 -41 0
-28 -42 0
-22 -50 0
-23 -51 0
-24 -52 0
-25 -53 0
-26 -54 0
-27 -55 0
-28 -56 0
-22 -57 0
-23 -58 0
-24 -59 0
-25 -60 0
-26 -61 0
-27 -62 0
-28 -63 0
-22 -64 0
-23 -65 0
-24 -66 0
-25 -67 0
-26 -68 0
-27 -69 0
-28 -70 0
-22 -71 0
-23 -72 0
-24 -73 0
-25 -74 0
-26 -75 0
-27 -76 0
-28 -77 0
-22 -92 0
-23 -93 0
-24 -94 0
-25 -95 0
-26 -96 0
-27 -97 0
-28 -98 0
-22 -99 0
-23 -100 0
-24 -101 0
-25 -102 0
-26 -103 0
-27 -104 0
-28 -105 0
-22 -113 0
-23 -114 0
-24 -115 0
-25 -116 0
-26 -117 0
-27 -118 0
-28 -119 0
-22 -120 0
-23 -121 0
-24 -122 0
-25 -123 0
-26 -124 0
-27 -125 0
-28 -126 0
-22 -134 0
-23 -135 0
-24 -136 0
-25 -137 0
-26 -138 0
-27 -139 0
-28 -140 0
-22 -141 0
-23 -142 0
-24 -143 0
-25 -144 0
-26 -145 0
-27 -146 0
-28 -147 0
-22 -148 0
-23 -149 0
-24 -150 0
-25 -151 0
-26 -152 0
-27 -153 0
-28 -154 0
-22 -155 0
-23 -156 0
-24 -157 0
-25 -158 0
-26 -159 0
-27 -160 0
-28 -161 0
-22 -162 0
-23 -163 0
-24 -164 0
-25 -165 0
-26 -166 0
-27 -167 0
-28 -168 0
-22 -176 0
-23 -177 0
-24 -178 0
-25 -179 0
-26 -180 0
-27 -181 0
-28 -182 0
-22 -183 0
-23 -184 0
-24 -185 0
-25 -186 0
-26 -187 0
-27 -188 0
-28 -189 0
-22 -190 0
-23 -191 0
-24 -192 0
-25 -193 0
-26 -194 0
-27 -195 0
-28 -196 0
-22 -197 0
-23 -198 0
-24 -199 0
-25 -200 0
-26 -201 0
-27 -202 0
-28 -203 0
-22 -204 0
-23 -205 0
-24 -206 0
-25 -207 0
-26 -208 0
-27 -209 0
-28 -210 0
-22 -211 0
-23 -212 0
-24 -213 0
-25 -214 0
-26 -215 0
-27 -216 0
-28 -217 0
-22 -239 0
-23 -240 0
-24 -241 0
-25 -242 0
-26 -243 0
-27 -244 0
-28 -245 0
-22 -246 0
-23 -247 0
-24 -248 0
-25 -249 0
-26 -250 0
-27 -251 0
-28 -252 0
-22 -267 0
-23 -268 0
-24 -269 0
-25 -270 0
-26 -271 0
-27 -272 0
-28 -273 0
-22 -281 0
-23 -282 0
-24 -283 0
-25 -284 0
-26 -285 0
-27 -286 0
-28 -287 0
-22 -288 0
-23 -289 0
-24 -290 0
-25 -291 0
-26 -292 0
-27 -293 0
-28 -294 0
-22 -295 0
-23 -296 0
-24 -297 0
-25 -298 0
-26 -299 0
-27 -300 0
-28 -301 0
-22 -302 0
-23 -303 0
-24 -304 0
-25 -305 0
-26 -306 0
-27 -307 0
-28 -308 0
-22 -309 0
-23 -310 0
-24 -311 0
-25 -312 0
-26 -313 0
-27 -314 0
-28 -315 0
-22 -316 0
-23 -317 0
-24 -318 0
-25 -319 0
-26 -320 0
-27 -321 0
-28 -322 0
-22 -323 0
-23 -324 0
-24 -325 0
-25 -326 0
-26 -327 0
-27 -328 0
-28 -329 0
-22 -337 0
-23 -338 0
-24 -339 0
-25 -340 0
-26 -341 0
-27 -342 0
-28 -343 0
-22 -344 0
-23 -345 0
-24 -346 0
-25 -347 0
-26 -348 0
-27 -349 0
-28 -350 0
-29 -36 0
-30 -37 0
-31 -38 0
-32 -39 0
-33 -40 0
-34 -41 0
-35 -42 0
-29 -43 0
-30 -44 0
-31 -45 0
-32 -46 0
-33 -47 0
-34 -48 0
-35 -49 0
-29 -50 0
-30 -51 0
-31 -52 0
-32 -53 0
-33 -54 0
-34 -55 0
-35 -56 0
-29 -57 0
-30 -58 0
-31 -59 0
-32 -60 0
-33 -61 0
-34 -62 0
-35 -63 0
-29 -64 0
-30 -65 0
-31 -66 0
-32 -67 0
-33 -68 0
-34 -69 0
-35 -70 0
-29 -71 0
-30 -72 0
-31 -73 0
-32 -74 0
-33 -75 0
-34 -76 0
-35 -77 0
-29 -78 0
-30 -79 0
-31 -80 0
-32 -81 0
-33 -82 0
-34 -83 0
-35 -84 0
-29 -85 0
-30 -86 0
-31 -87 0
-32 -88 0
-33 -89 0
-34 -90 0
-35 -91 0
-29 -99 0
-30 -100 0
-31 -101 0
-32 -102 0
-33 -103 0
-34 -104 0
-35 -105 0
-29 -106 0
-30 -107 0
-31 -108 0
-32 -109 0
-33 -110 0
-34 -111 0
-35 -112 0
-29 -120 0
-30 -121 0
-31 -122 0
-32 -123 0
-33 -124 0
-34 -125 0
-35 -126 0
-29 -134 0
-30 -135 0
-31 -136 0
-32 -137 0
-33 -138 0
-34 -139 0
-35 -140 0
-29 -141 0
-30 -142 0
-31 -143 0
-32 -144 0
-33 -145 0
-34 -146 0
-35 -147 0
-29 -148 0
-30 -149 0
-31 -150 0
-32 -151 0
-33 -152 0
-34 -153 0
-35 -154 0
-29 -169 0
-30 -170 0
-31 -171 0
-32 -172 0
-33 -173 0
-34 -174 0
-35 -175 0
-29 -176 0
-30 -177 0
-31 -178 0
-32 -179 0
-33 -180 0
-34 -181 0
-35 -182 0
-29 -183 0
-30 -184 0
-31 -185 0
-32 -186 0
-33 -187 0
-34 -188 0
-35 -189 0
-29 -197 0
-30 -198 0
-31 -199 0
-32 -200 0
-33 -201 0
-34 -202 0
-35 -203 0
-29 -211 0
-30 -212 0
-31 -213 0
-32 -214 0
-33 -215 0
-34 -216 0
-35 -217 0
-29 -225 0
-30 -226 0
-31 -227 0
-32 -228 0
-33 -229 0
-34 -230 0
-35 -231 0
-29 -232 0
-30 -233 0
-31 -234 0
-32 -235 0
-33 -236 0
-34 -237 0
-35 -238 0
-29 -246 0
-30 -247 0
-31 -248 0
-32 -249 0
-33 -250 0
-34 -251 0
-35 -252 0
-29 -253 0
-30 -254 0
-31 -255 0
-32 -256 0
-33 -257 0
-34 -258 0
-35 -259 0
-29 -267 0
-30 -268 0
-31 -269 0
-32 -270 0
-33 -271 0
-34 -272 0
-35 -273 0
-29 -281 0
-30 -282 0
-31 -283 0
-32 -284 0
-33 -285 0
-34 -286 0
-35 -287 0
-29 -288 0
-30 -289 0
-31 -290 0
-32 -291 0
-33 -292 0
-34 -293 0
-35 -294 0
-29 -295 0
-30 -296 0
-31 -297 0
-32 -298 0
-33 -299 0
-34 -300 0
-35 -301 0
-29 -302 0
-30 -303 0
-31 -304 0
-32 -305 0
-33 -306 0
-34 -307 0
-35 -308 0
-29 -309 0
-30 -310 0
-31 -311 0
-32 -312 0
-33 -313 0
-34 -314 0
-35 -315 0
-29 -316 0
-30 -317 0
-31 -318 0
-32 -319 0
-33 -320 0
-34 -321 0
-35 -322 0
-29 -323 0
-30 -324 0
-31 -325 0
-32 -326 0
-33 -327 0
-34 -328 0
-35 -329 0
-29 -330 0
-30 -331 0
-31 -332 0
-32 -333 0
-33 -334 0
-34 -335 0
-35 -336 0
-29 -337 0
-30 -338 0
-31 -339 0
-32 -340 0
-33 -341 0
-34 -342 0
-35 -343 0
-29 -344 0
-30 -345 0
-31 -346 0
-32 -347 0
-33 -348 0
-34 -349 0
-35 -350 0
-36 -43 0
-37 -44 0
-38 -45 0
-39 -46 0
-40 -47 0
-41 -48 0
-42 -49 0
-36 -64 0
-37 -65 0
-38 -66 0
-39 -67 0
-40 -68 0
-41 -69 0
-42 -70 0
-36 -78 0
-37 -79 0
-38 -80 0
-39 -81 0
-40 -82 0
-41 -83 0
-42 -84 0
-36 -85 0
-37 -86 0
-38 -87 0
-39 -88 0
-40 -89 0
-41 -90 0
-42 -91 0
-36 -92 0
-37 -93 0
-38 -94 0
-39 -95 0
-40 -96 0
-41 -97 0
-42 -98 0
-36 -106 0
-37 -107 0
-38 -108 0
-39 -109 0
-40 -110 0
-41 -111 0
-42 -112 0
-36 -120 0
-37 -121 0
-38 -122 0
-39 -123 0
-40 -124 0
-41 -125 0
-42 -126 0
-36 -127 0
-37 -128 0
-38 -129 0
-39 -130 0
-40 -131 0
-41 -132 0
-42 -133 0
-36 -141 0
-37 -142 0
-38 -143 0
-39 -144 0
-40 -145 0
-41 -146 0
-42 -147 0
-36 -155 0
-37 -156 0
-38 -157 0
-39 -158 0
-40 -159 0
-41 -160 0
-42 -161 0
-36 -162 0
-37 -163 0
-38 -164 0
-39 -165 0
-40 -166 0
-41 -167 0
-42 -168 0
-36 -169 0
-37 -170 0
-38 -171 0
-39 -172 0
-40 -173 0
-41 -174 0
-42 -175 0
-36 -176 0
-37 -177 0
-38 -178 0
-39 -179 0
-40 -180 0
-41 -181 0
-42 -182 0
-36 -183 0
-37 -184 0
-38 -185 0
-39 -186 0
-40 -187 0
-41 -188 0
-42 -189 0
-36 -197 0
-37 -198 0
-38 -199 0
-39 -200 0
-40 -201 0
-41 -202 0
-42 -203 0
-36 -218 0
-37 -219 0
-38 -220 0
-39 -221 0
-40 -222 0
-41 -223 0
-42 -224 0
-36 -225 0
-37 -226 0
-38 -227 0
-39 -228 0
-40 -229 0
-41 -230 0
-42 -231 0
-36 -232 0
-37 -233 0
-38 -234 0
-39 -235 0
-40 -236 0
-41 -237 0
-42 -238 0
-36 -253 0
-37 -254 0
-38 -255 0
-39 -256 0
-40 -257 0
-41 -258 0
-42 -259 0
-36 -260 0
-37 -261 0
-38 -262 0
-39 -263 0
-40 -264 0
-41 -265 0
-42 -266 0
-36 -267 0
-37 -268 0
-38 -269 0
-39 -270 0
-40 -271 0
-41 -272 0
-42 -273 0
-36 -274 0
-37 -275 0
-38 -276 0
-39 -277 0
-40 -278 0
-41 -279 0
-42 -280 0
-36 -281 0
-37 -282 0
-38 -283 0
-39 -284 0
-40 -285 0
-41 -286 0
-42 -287 0
-36 -288 0
-37 -289 0
-38 -290 0
-39 -291 0
-40 -292 0
-41 -293 0
-42 -294 0
-36 -295 0
-37 -296 0
-38 -297 0
-39 -298 0
-40 -299 0
-41 -300 0
-42 -301 0
-36 -302 0
-37 -303 0
-38 -304 0
-39 -305 0
-40 -306 0
-41 -307 0
-42 -308 0
-36 -309 0
-37 -310 0
-38 -311 0
-39 -312 0
-40 -313 0
-41 -314 0
-42 -315 0
-36 -323 0
-37 -324 0
-38 -325 0
-39 -326 0
-40 -327 0
-41 -328 0
-42 -329 0
-36 -330 0
-37 -331 0
-38 -332 0
-39 -333 0
-40 -334 0
-41 -335 0
-42 -336 0
-36 -337 0
-37 -338 0
-38 -339 0
-39 -340 0
-40 -341 0
-41 -342 0
-42 -343 0
-36 -344 0
-37 -345 0
-38 -346 0
-39 -347 0
-40 -348 0
-41 -349 0
-42 -350 0
-43 -50 0
-44 -51 0
-45 -52 0
-46 -53 0
-47 -54 0
-48 -55 0
-49 -56 0
-43 -57 0
-44 -58 0
-45 -59 0
-46 -60 0
-47 -61 0
-48 -62 0
-49 -63 0
-43 -64 0
-44 -65 0
-45 -66 0
-46 -67 0
-47 -68 0
-48 -69 0
-49 -70 0
-43 -78 0
-44 -79 0
-45 -80 0
-46 -81 0
-47 -82 0
-48 -83 0
-49 -84 0
-43 -85 0
-44 -86 0
-45 -87 0
-46 -88 0
-47 -89 0
-48 -90 0
-49 -91 0
-43 -106 0
-44 -107 0
-45 -108 0
-46 -109 0
-47 -110 0
-48 -111 0
-49 -112 0
-43 -120 0
-44 -121 0
-45 -122 0
-46 -123 0
-47 -124 0
-48 -125 0
-49 -126 0
-43 -127 0
-44 -128 0
-45 -129 0
-46 -130 0
-47 -131 0
-48 -132 0
-49 -133 0
-43 -134 0
-44 -135 0
-45 -136 0
-46 -137 0
-47 -138 0
-48 -139 0
-49 -140 0
-43 -141 0
-44 -142 0
-45 -143 0
-46 -144 0
-47 -145 0
-48 -146 0
-49 -147 0
-43 -148 0
-44 -149 0
-45 -150 0
-46 -151 0
-47 -152 0
-48 -153 0
-49 -154 0
-43 -162 0
-44 -163 0
-45 -164 0
-46 -165 0
-47 -166 0
-48 -167 0
-49 -168 0
-43 -169 0
-44 -170 0
-45 -171 0
-46 -172 0
-47 -173 0
-48 -174 0
-49 -175 0
-43 -176 0
-44 -177 0
-45 -178 0
-46 -179 0
-47 -180 0
-48 -181 0
-49 -182 0
-43 -197 0
-44 -198 0
-45 -199 0
-46 -200 0
-47 -201 0
-48 -202 0
-49 -203 0
-43 -204 0
-44 -205 0
-45 -206 0
-46 -207 0
-47 -208 0
-48 -209 0
-49 -210 0
-43 -211 0
-44 -212 0
-45 -213 0
-46 -214 0
-47 -215 0
-48 -216 0
-49 -217 0
-43 -218 0
-44 -219 0
-45 -220 0
-46 -221 0
-47 -222 0
-48 -223 0
-49 -224 0
-43 -225 0
-44 -226 0
-45 -227 0
-46 -228 0
-47 -229 0
-48 -230 0
-49 -231 0
-43 -232 0
-44 -233 0
-45 -234 0
-46 -235 0
-47 -236 0
-48 -237 0
-49 -238 0
-43 -253 0
-44 -254 0
-45 -255 0
-46 -256 0
-47 -257 0
-48 -258 0
-49 -259 0
-43 -267 0
-44 -268 0
-45 -269 0
-46 -270 0
-47 -271 0
-48 -272 0
-49 -273 0
-43 -274 0
-44 -275 0
-45 -276 0
-46 -277 0
-47 -278 0
-48 -279 0
-49 -280 0
-43 -281 0
-44 -282 0
-45 -283 0
-46 -284 0
-47 -285 0
-48 -286 0
-49 -287 0
-43 -288 0
-44 -289 0
-45 -290 0
-46 -291 0
-47 -292 0
-48 -293 0
-49 -294 0
-43 -316 0
-44 -317 0
-45 -318 0
-46 -319 0
-47 -320 0
-48 -321 0
-49 -322 0
-43 -323 0
-44 -324 0
-45 -325 0
-46 -326 0
-47 -327 0
-48 -328 0
-49 -329 0
-43 -330 0
-44 -331 0
-45 -332 0
-46 -333 0
-47 -334 0
-48 -335 0
-49 -336 0
-43 -337 0
-44 -338 0
-45 -339 0
-46 -340 0
-47 -341 0
-48 -342 0
-49 -343 0
-43 -344 0
-44 -345 0
-45 -346 0
-46 -347 0
-47 -348 0
-48 -349 0
-49 -350 0
-50 -57 0
-51 -58 0
-52 -59 0
-53 -60 0
-54 -61 0
-55 -62 0
-56 -63 0
-50 -64 0
-51 -65 0
-52 -66 0
-53 -67 0
-54 -68 0
-55 -69 0
-56 -70 0
-50 -78 0
-51 -79 0
-52 -80 0
-53 -81 0
-54 -82 0
-55 -83 0
-56 -84 0
-50 -85 0
-51 -86 0
-52 -87 0
-53 -88 0
-54 -89 0
-55 -90 0
-56 -91 0
-50 -92 0
-51 -93 0
-52 -94 0
-53 -95 0
-54 -96 0
-55 -97 0
-56 -98 0
-50 -99 0
-51 -100 0
-52 -101 0
-53 -102 0
-54 -103 0
-55 -104 0
-56 -105 0
-50 -106 0
-51 -107 0
-52 -108 0
-53 -109 0
-54 -110 0
-55 -111 0
-56 -112 0
-50 -120 0
-51 -121 0
-52 -122 0
-53 -123 0
-54 -124 0
-55 -125 0
-56 -126 0
-50 -127 0
-51 -128 0
-52 -129 0
-53 -130 0
-54 -131 0
-55 -132 0
-56 -133 0
-50 -141 0
-51 -142 0
-52 -143 0
-53 -144 0
-54 -145 0
-55 -146 0
-56 -147 0
-50 -148 0
-51 -149 0
-52 -150 0
-53 -151 0
-54 -152 0
-55 -153 0
-56 -154 0
-50 -155 0
-51 -156 0
-52 -157 0
-53 -158 0
-54 -159 0
-55 -160 0
-56 -161 0
-50 -162 0
-51 -163 0
-52 -164 0
-53 -165 0
-54 -166 0
-55 -167 0
-56 -168 0
-50 -176 0
-51 -177 0
-52 -178 0
-53 -179 0
-54 -180 0
-55 -181 0
-56 -182 0
-50 -183 0
-51 -184 0
-52 -185 0
-53 -186 0
-54 -187 0
-55 -188 0
-56 -189 0
-50 -190 0
-51 -191 0
-52 -192 0
-53 -193 0
-54 -194 0
-55 -195 0
-56 -196 0
-50 -197 0
-51 -198 0
-52 -199 0
-53 -200 0
-54 -201 0
-55 -202 0
-56 -203 0
-50 -211 0
-51 -212 0
-52 -213 0
-53 -214 0
-54 -215 0
-55 -216 0
-56 -217 0
-50 -225 0
-51 -226 0
-52 -227 0
-53 -228 0
-54 -229 0
-55 -230 0
-56 -231 0
-50 -232 0
-51 -233 0
-52 -234 0
-53 -235 0
-54 -236 0
-55 -237 0
-56 -238 0
-50 -239 0
-51 -240 0
-52 -241 0
-53 -242 0
-54 -243 0
-55 -244 0
-56 -245 0
-50 -246 0
-51 -247 0
-52 -248 0
-53 -249 0
-54 -250 0
-55 -251 0
-56 -252 0
-50 -267 0
-51 -268 0
-52 -269 0
-53 -270 0
-54 -271 0
-55 -272 0
-56 -273 0
-50 -274 0
-51 -275 0
-52 -276 0
-53 -277 0
-54 -278 0
-55 -279 0
-56 -280 0
-50 -281 0
-51 -282 0
-52 -283 0
-53 -284 0
-54 -285 0
-55 -286 0
-56 -287 0
-50 -288 0
-51 -289 0
-52 -290 0
-53 -291 0
-54 -292 0
-55 -293 0
-56 -294 0
-50 -302 0
-51 -303 0
-52 -304 0
-53 -305 0
-54 -306 0
-55 -307 0
-56 -308 0
-50 -309 0
-51 -310 0
-52 -311 0
-53 -312 0
-54 -313 0
-55 -314 0
-56 -315 0
-50 -316 0
-51 -317 0
-52 -318 0
-53 -319 0
-54 -320 0
-55 -321 0
-56 -322 0
-50 -323 0
-51 -324 0
-52 -325 0
-53 -326 0
-54 -327 0
-55 -328 0
-56 -329 0
-50 -330 0
-51 -331 0
-52 -332 0
-53 -333 0
-54 -334 0
-55 -335 0
-56 -336 0
-50 -337 0
-51 -338 0
-52 -339 0
-53 -340 0
-54 -341 0
-55 -342 0
-56 -343 0
-50 -344 0
-51 -345 0
-52 -346 0
-53 -347 0
-54 -348 0
-55 -349 0
-56 -350 0
-57 -71 0
-58 -72 0
-59 -73 0
-60 -74 0
-61 -75 0
-62 -76 0
-63 -77 0
-57 -78 0
-58 -79 0
-59 -80 0
-60 -81 0
-61 -82 0
-62 -83 0
-63 -84 0
-57 -85 0
-58 -86 0
-59 -87 0
-60 -88 0
-61 -89 0
-62 -90 0
-63 -91 0
-57 -99 0
-58 -100 0
-59 -101 0
-60 -102 0
-61 -103 0
-62 -104 0
-63 -105 0
-57 -120 0
-58 -121 0
-59 -122 0
-60 -123 0
-61 -124 0
-62 -125 0
-63 -126 0
-57 -127 0
-58 -128 0
-59 -129 0
-60 -130 0
-61 -131 0
-62 -132 0
-63 -133 0
-57 -134 0
-58 -135 0
-59 -136 0
-60 -137 0
-61 -138 0
-62 -139 0
-63 -140 0
-57 -141 0
-58 -142 0
-59 -143 0
-60 -144 0
-61 -145 0
-62 -146 0
-63 -147 0
-57 -148 0
-58 -149 0
-59 -150 0
-60 -151 0
-61 -152 0
-62 -153 0
-63 -154 0
-57 -155 0
-58 -156 0
-59 -157 0
-60 -158 0
-61 -159 0
-62 -160 0
-63 -161 0
-57 -169 0
-58 -170 0
-59 -171 0
-60 -172 0
-61 -173 0
-62 -174 0
-63 -175 0
-57 -183 0
-58 -184 0
-59 -185 0
-60 -186 0
-61 -187 0
-62 -188 0
-63 -189 0
-57 -190 0
-58 -191 0
-59 -192 0
-60 -193 0
-61 -194 0
-62 -195 0
-63 -196 0
-57 -197 0
-58 -198 0
-59 -199 0
-60 -200 0
-61 -201 0
-62 -202 0
-63 -203 0
-57 -204 0
-58 -205 0
-59 -206 0
-60 -207 0
-61 -208 0
-62 -209 0
-63 -210 0
-57 -211 0
-58 -212 0
-59 -213 0
-60 -214 0
-61 -215 0
-62 -216 0
-63 -217 0
-57 -232 0
-58 -233 0
-59 -234 0
-60 -235 0
-61 -236 0
-62 -237 0
-63 -238 0
-57 -246 0
-58 -247 0
-59 -248 0
-60 -249 0
-61 -250 0
-62 -251 0
-63 -252 0
-57 -267 0
-58 -268 0
-59 -269 0
-60 -270 0
-61 -271 0
-62 -272 0
-63 -273 0
-57 -281 0
-58 -282 0
-59 -283 0
-60 -284 0
-61 -285 0
-62 -286 0
-63 -287 0
-57 -288 0
-58 -289 0
-59 -290 0
-60 -291 0
-61 -292 0
-62 -293 0
-63 -294 0
-57 -302 0
-58 -303 0
-59 -304 0
-60 -305 0
-61 -306 0
-62 -307 0
-63 -308 0
-57 -309 0
-58 -310 0
-59 -311 0
-60 -312 0
-61 -313 0
-62 -314 0
-63 -315 0
-57 -316 0
-58 -317 0
-59 -318 0
-60 -319 0
-61 -320 0
-62 -321 0
-63 -322 0
-57 -330 0
-58 -331 0
-59 -332 0
-60 -333 0
-61 -334 0
-62 -335 0
-63 -336 0
-57 -337 0
-58 -338 0
-59 -339 0
-60 -340 0
-61 -341 0
-62 -342 0
-63 -343 0
-57 -344 0
-58 -345 0
-59 -346 0
-60 -347 0
-61 -348 0
-62 -349 0
-63 -350 0
-64 -71 0
-65 -72 0
-66 -73 0
-67 -74 0
-68 -75 0
-69 -76 0
-70 -77 0
-64 -78 0
-65 -79 0
-66 -80 0
-67 -81 0
-68 -82 0
-69 -83 0
-70 -84 0
-64 -85 0
-65 -86 0
-66 -87 0
-67 -88 0
-68 -89 0
-69 -90 0
-70 -91 0
-64 -99 0
-65 -100 0
-66 -101 0
-67 -102 0
-68 -103 0
-69 -104 0
-70 -105 0
-64 -106 0
-65 -107 0
-66 -108 0
-67 -109 0
-68 -110 0
-69 -111 0
-70 -112 0
-64 -113 0
-65 -114 0
-66 -115 0
-67 -116 0
-68 -117 0
-69 -118 0
-70 -119 0
-64 -120 0
-65 -121 0
-66 -122 0
-67 -123 0
-68 -124 0
-69 -125 0
-70 -126 0
-64 -127 0
-65 -128 0
-66 -129 0
-67 -130 0
-68 -131 0
-69 -132 0
-70 -133 0
-64 -134 0
-65 -135 0
-66 -136 0
-67 -137 0
-68 -138 0
-69 -139 0
-70 -140 0
-64 -148 0
-65 -149 0
-66 -150 0
-67 -151 0
-68 -152 0
-69 -153 0
-70 -154 0
-64 -162 0
-65 -163 0
-66 -164 0
-67 -165 0
-68 -166 0
-69 -167 0
-70 -168 0
-64 -169 0
-65 -170 0
-66 -171 0
-67 -172 0
-68 -173 0
-69 -174 0
-70 -175 0
-64 -197 0
-65 -198 0
-66 -199 0
-67 -200 0
-68 -201 0
-69 -202 0
-70 -203 0
-64 -204 0
-65 -205 0
-66 -206 0
-67 -207 0
-68 -208 0
-69 -209 0
-70 -210 0
-64 -218 0
-65 -219 0
-66 -220 0
-67 -221 0
-68 -222 0
-69 -223 0
-70 -224 0
-64 -225 0
-65 -226 0
-66 -227 0
-67 -228 0
-68 -229 0
-69 -230 0
-70 -231 0
-64 -232 0
-65 -233 0
-66 -234 0
-67 -235 0
-68 -236 0
-69 -237 0
-70 -238 0
-64 -239 0
-65 -240 0
-66 -241 0
-67 -242 0
-68 -243 0
-69 -244 0
-70 -245 0
-64 -246 0
-65 -247 0
-66 -248 0
-67 -249 0
-68 -250 0
-69 -251 0
-70 -252 0
-64 -267 0
-65 -268 0
-66 -269 0
-67 -270 0
-68 -271 0
-69 -272 0
-70 -273 0
-64 -274 0
-65 -275 0
-66 -276 0
-67 -277 0
-68 -278 0
-69 -279 0
-70 -280 0
-64 -288 0
-65 -289 0
-66 -290 0
-67 -291 0
-68 -292 0
-69 -293 0
-70 -294 0
-64 -302 0
-65 -303 0
-66 -304 0
-67 -305 0
-68 -306 0
-69 -307 0
-70 -308 0
-64 -309 0
-65 -310 0
-66 -311 0
-67 -312 0
-68 -313 0
-69 -314 0
-70 -315 0
-64 -323 0
-65 -324 0
-66 -325 0
-67 -326 0
-68 -327 0
-69 -328 0
-70 -329 0
-64 -330 0
-65 -331 0
-66 -332 0
-67 -333 0
-68 -334 0
-69 -335 0
-70 -336 0
-64 -337 0
-65 -338 0
-66 -339 0
-67 -340 0
-68 -341 0
-69 -342 0
-70 -343 0
-64 -344 0
-65 -345 0
-66 -346 0
-67 -347 0
-68 -348 0
-69 -349 0
-70 -350 0
-71 -78 0
-72 -79 0
-73 -80 0
-74 -81 0
-75 -82 0
-76 -83 0
-77 -84 0
-71 -85 0
-72 -86 0
-73 -87 0
-74 -88 0
-75 -89 0
-76 -90 0
-77 -91 0
-71 -92 0
-72 -93 0
-73 -94 0
-74 -95 0
-75 -96 0
-76 -97 0
-77 -98 0
-71 -99 0
-72 -100 0
-73 -101 0
-74 -102 0
-75 -103 0
-76 -104 0
-77 -105 0
-71 -113 0
-72 -114 0
-73 -115 0
-74 -116 0
-75 -117 0
-76 -118 0
-77 -119 0
-71 -120 0
-72 -121 0
-73 -122 0
-74 -123 0
-75 -124 0
-76 -125 0
-77 -126 0
-71 -127 0
-72 -128 0
-73 -129 0
-74 -130 0
-75 -131 0
-76 -132 0
-77 -133 0
-71 -134 0
-72 -135 0
-73 -136 0
-74 -137 0
-75 -138 0
-76 -139 0
-77 -140 0
-71 -141 0
-72 -142 0
-73 -143 0
-74 -144 0
-75 -145 0
-76 -146 0
-77 -147 0
-71 -162 0
-72 -163 0
-73 -164 0
-74 -165 0
-75 -166 0
-76 -167 0
-77 -168 0
-71 -169 0
-72 -170 0
-73 -171 0
-74 -172 0
-75 -173 0
-76 -174 0
-77 -175 0
-71 -183 0
-72 -184 0
-73 -185 0
-74 -186 0
-75 -187 0
-76 -188 0
-77 -189 0
-71 -190 0
-72 -191 0
-73 -192 0
-74 -193 0
-75 -194 0
-76 -195 0
-77 -196 0
-71 -197 0
-72 -198 0
-73 -199 0
-74 -200 0
-75 -201 0
-76 -202 0
-77 -203 0
-71 -211 0
-72 -212 0
-73 -213 0
-74 -214 0
-75 -215 0
-76 -216 0
-77 -217 0
-71 -225 0
-72 -226 0
-73 -227 0
-74 -228 0
-75 -229 0
-76 -230 0
-77 -231 0
-71 -232 0
-72 -233 0
-73 -234 0
-74 -235 0
-75 -236 0
-76 -237 0
-77 -238 0
-71 -239 0
-72 -240 0
-73 -241 0
-74 -242 0
-75 -243 0
-76 -244 0
-77 -245 0
-71 -246 0
-72 -247 0
-73 -248 0
-74 -249 0
-75 -250 0
-76 -251 0
-77 -252 0
-71 -260 0
-72 -261 0
-73 -262 0
-74 -263 0
-75 -264 0
-76 -265 0
-77 -266 0
-71 -267 0
-72 -268 0
-73 -269 0
-74 -270 0
-75 -271 0
-76 -272 0
-77 -273 0
-71 -274 0
-72 -275 0
-73 -276 0
-74 -277 0
-75 -278 0
-76 -279 0
-77 -280 0
-71 -281 0
-72 -282 0
-73 -283 0
-74 -284 0
-75 -285 0
-76 -286 0
-77 -287 0
-71 -288 0
-72 -289 0
-73 -290 0
-74 -291 0
-75 -292 0
-76 -293 0
-77 -294 0
-71 -295 0
-72 -296 0
-73 -297 0
-74 -298 0
-75 -299 0
-76 -300 0
-77 -301 0
-71 -302 0
-72 -303 0
-73 -304 0
-74 -305 0
-75 -306 0
-76 -307 0
-77 -308 0
-71 -316 0
-72 -317 0
-73 -318 0
-74 -319 0
-75 -320 0
-76 -321 0
-77 -322 0
-71 -323 0
-72 -324 0
-73 -325 0
-74 -326 0
-75 -327 0
-76 -328 0
-77 -329 0
-78 -85 0
-79 -86 0
-80 -87 0
-81 -88 0
-82 -89 0
-83 -90 0
-84 -91 0
-78 -92 0
-79 -93 0
-80 -94 0
-81 -95 0
-82 -96 0
-83 -97 0
-84 -98 0
-78 -99 0
-79 -100 0
-80 -101 0
-81 -102 0
-82 -103 0
-83 -104 0
-84 -105 0
-78 -106 0
-79 -107 0
-80 -108 0
-81 -109 0
-82 -110 0
-83 -111 0
-84 -112 0
-78 -113 0
-79 -114 0
-80 -115 0
-81 -116 0
-82 -117 0
-83 -118 0
-84 -119 0
-78 -127 0
-79 -128 0
-80 -129 0
-81 -130 0
-82 -131 0
-83 -132 0
-84 -133 0
-78 -134 0
-79 -135 0
-80 -136 0
-81 -137 0
-82 -138 0
-83 -139 0
-84 -140 0
-78 -141 0
-79 -142 0
-80 -143 0
-81 -144 0
-82 -145 0
-83 -146 0
-84 -147 0
-78 -155 0
-79 -156 0
-80 -157 0
-81 -158 0
-82 -159 0
-83 -160 0
-84 -161 0
-78 -162 0
-79 -163 0
-80 -164 0
-81 -165 0
-82 -166 0
-83 -167 0
-84 -168 0
-78 -169 0
-79 -170 0
-80 -171 0
-81 -172 0
-82 -173 0
-83 -174 0
-84 -175 0
-78 -176 0
-79 -177 0
-80 -178 0
-81 -179 0
-82 -180 0
-83 -181 0
-84 -182 0
-78 -183 0
-79 -184 0
-80 -185 0
-81 -186 0
-82 -187 0
-83 -188 0
-84 -189 0
-78 -190 0
-79 -191 0
-80 -192 0
-81 -193 0
-82 -194 0
-83 -195 0
-84 -196 0
-78 -197 0
-79 -198 0
-80 -199 0
-81 -200 0
-82 -201 0
-83 -202 0
-84 -203 0
-78 -211 0
-79 -212 0
-80 -213 0
-81 -214 0
-82 -215 0
-83 -216 0
-84 -217 0
-78 -218 0
-79 -219 0
-80 -220 0
-81 -221 0
-82 -222 0
-83 -223 0
-84 -224 0
-78 -225 0
-79 -226 0
-80 -227 0
-81 -228 0
-82 -229 0
-83 -230 0
-84 -231 0
-78 -232 0
-79 -233 0
-80 -234 0
-81 -235 0
-82 -236 0
-83 -237 0
-84 -238 0
-78 -239 0
-79 -240 0
-80 -241 0
-81 -242 0
-82 -243 0
-83 -244 0
-84 -245 0
-78 -253 0
-79 -254 0
-80 -255 0
-81 -256 0
-82 -257 0
-83 -258 0
-84 -259 0
-78 -267 0
-79 -268 0
-80 -269 0
-81 -270 0
-82 -271 0
-83 -272 0
-84 -273 0
-78 -274 0
-79 -275 0
-80 -276 0
-81 -277 0
-82 -278 0
-83 -279 0
-84 -280 0
-78 -281 0
-79 -282 0
-80 -283 0
-81 -284 0
-82 -285 0
-83 -286 0
-84 -287 0
-78 -288 0
-79 -289 0
-80 -290 0
-81 -291 0
-82 -292 0
-83 -293 0
-84 -294 0
-78 -295 0
-79 -296 0
-80 -297 0
-81 -298 0
-82 -299 0
-83 -300 0
-84 -301 0
-78 -302 0
-79 -303 0
-80 -304 0
-81 -305 0
-82 -306 0
-83 -307 0
-84 -308 0
-78 -309 0
-79 -310 0
-80 -311 0
-81 -312 0
-82 -313 0
-83 -314 0
-84 -315 0
-78 -316 0
-79 -317 0
-80 -318 0
-81 -319 0
-82 -320 0
-83 -321 0
-84 -322 0
-78 -323 0
-79 -324 0
-80 -325 0
-81 -326 0
-82 -327 0
-83 -328 0
-84 -329 0
-78 -330 0
-79 -331 0
-80 -332 0
-81 -333 0
-82 -334 0
-83 -335 0
-84 -336 0
-78 -337 0
-79 -338 0
-80 -339 0
-81 -340 0
-82 -341 0
-83 -342 0
-84 -343 0
-78 -344 0
-79 -345 0
-80 -346 0
-81 -347 0
-82 -348 0
-83 -349 0
-84 -350 0
-85 -99 0
-86 -100 0
-87 -101 0
-88 -102 0
-89 -103 0
-90 -104 0
-91 -105 0
-85 -106 0
-86 -107 0
-87 -108 0
-88 -109 0
-89 -110 0
-90 -111 0
-91 -112 0
-85 -113 0
-86 -114 0
-87 -115 0
-88 -116 0
-89 -117 0
-90 -118 0
-91 -119 0
-85 -120 0
-86 -121 0
-87 -122 0
-88 -123 0
-89 -124 0
-90 -125 0
-91 -126 0
-85 -127 0
-86 -128 0
-87 -129 0
-88 -130 0
-89 -131 0
-90 -132 0
-91 -133 0
-85 -134 0
-86 -135 0
-87 -136 0
-88 -137 0
-89 -138 0
-90 -139 0
-91 -140 0
-85 -155 0
-86 -156 0
-87 -157 0
-88 -158 0
-89 -159 0
-90 -160 0
-91 -161 0
-85 -169 0
-86 -170 0
-87 -171 0
-88 -172 0
-89 -173 0
-90 -174 0
-91 -175 0
-85 -176 0
-86 -177 0
-87 -178 0
-88 -179 0
-89 -180 0
-90 -181 0
-91 -182 0
-85 -190 0
-86 -191 0
-87 -192 0
-88 -193 0
-89 -194 0
-90 -195 0
-91 -196 0
-85 -197 0
-86 -198 0
-87 -199 0
-88 -200 0
-89 -201 0
-90 -202 0
-91 -203 0
-85 -204 0
-86 -205 0
-87 -206 0
-88 -207 0
-89 -208 0
-90 -209 0
-91 -210 0
-85 -211 0
-86 -212 0
-87 -213 0
-88 -214 0
-89 -215 0
-90 -216 0
-91 -217 0
-85 -218 0
-86 -219 0
-87 -220 0
-88 -221 0
-89 -222 0
-90 -223 0
-91 -224 0
-85 -225 0
-86 -226 0
-87 -227 0
-88 -228 0
-89 -229 0
-90 -230 0
-91 -231 0
-85 -232 0
-86 -233 0
-87 -234 0
-88 -235 0
-89 -236 0
-90 -237 0
-91 -238 0
-85 -239 0
-86 -240 0
-87 -241 0
-88 -242 0
-89 -243 0
-90 -244 0
-91 -245 0
-85 -253 0
-86 -254 0
-87 -255 0
-88 -256 0
-89 -257 0
-90 -258 0
-91 -259 0
-85 -288 0
-86 -289 0
-87 -290 0
-88 -291 0
-89 -292 0
-90 -293 0
-91 -294 0
-85 -295 0
-86 -296 0
-87 -297 0
-88 -298 0
-89 -299 0
-90 -300 0
-91 -301 0
-85 -302 0
-86 -303 0
-87 -304 0
-88 -305 0
-89 -306 0
-90 -307 0
-91 -308 0
-85 -316 0
-86 -317 0
-87 -318 0
-88 -319 0
-89 -320 0
-90 -321 0
-91 -322 0
-85 -323 0
-86 -324 0
-87 -325 0
-88 -326 0
-89 -327 0
-90 -328 0
-91 -329 0
-85 -330 0
-86 -331 0
-87 -332 0
-88 -333 0
-89 -334 0
-90 -335 0
-91 -336 0
-85 -337 0
-86 -338 0
-87 -339 0
-88 -340 0
-89 -341 0
-90 -342 0
-91 -343 0
-85 -344 0
-86 -345 0
-87 -346 0
-88 -347 0
-89 -348 0
-90 -349 0
-91 -350 0
-92 -99 0
-93 -100 0
-94 -101 0
-95 -102 0
-96 -103 0
-97 -104 0
-98 -105 0
-92 -120 0
-93 -121 0
-94 -122 0
-95 -123 0
-96 -124 0
-97 -125 0
-98 -126 0
-92 -127 0
-93 -128 0
-94 -129 0
-95 -130 0
-96 -131 0
-97 -132 0
-98 -133 0
-92 -141 0
-93 -142 0
-94 -143 0
-95 -144 0
-96 -145 0
-97 -146 0
-98 -147 0
-92 -148 0
-93 -149 0
-94 -150 0
-95 -151 0
-96 -152 0
-97 -153 0
-98 -154 0
-92 -183 0
-93 -184 0
-94 -185 0
-95 -186 0
-96 -187 0
-97 -188 0
-98 -189 0
-92 -190 0
-93 -191 0
-94 -192 0
-95 -193 0
-96 -194 0
-97 -195 0
-98 -196 0
-92 -197 0
-93 -198 0
-94 -199 0
-95 -200 0
-96 -201 0
-97 -202 0
-98 -203 0
-92 -204 0
-93 -205 0
-94 -206 0
-95 -207 0
-96 -208 0
-97 -209 0
-98 -210 0
-92 -211 0
-93 -212 0
-94 -213 0
-95 -214 0
-96 -215 0
-97 -216 0
-98 -217 0
-92 -225 0
-93 -226 0
-94 -227 0
-95 -228 0
-96 -229 0
-97 -230 0
-98 -231 0
-92 -239 0
-93 -240 0
-94 -241 0
-95 -242 0
-96 -243 0
-97 -244 0
-98 -245 0
-92 -246 0
-93 -247 0
-94 -248 0
-95 -249 0
-96 -250 0
-97 -251 0
-98 -252 0
-92 -253 0
-93 -254 0
-94 -255 0
-95 -256 0
-96 -257 0
-97 -258 0
-98 -259 0
-92 -260 0
-93 -261 0
-94 -262 0
-95 -263 0
-96 -264 0
-97 -265 0
-98 -266 0
-92 -274 0
-93 -275 0
-94 -276 0
-95 -277 0
-96 -278 0
-97 -279 0
-98 -280 0
-92 -281 0
-93 -282 0
-94 -283 0
-95 -284 0
-96 -285 0
-97 -286 0
-98 -287 0
-92 -295 0
-93 -296 0
-94 -297 0
-95 -298 0
-96 -299 0
-97 -300 0
-98 -301 0
-92 -302 0
-93 -303 0
-94 -304 0
-95 -305 0
-96 -306 0
-97 -307 0
-98 -308 0
-92 -330 0
-93 -331 0
-94 -332 0
-95 -333 0
-96 -334 0
-97 -335 0
-98 -336 0
-92 -337 0
-93 -338 0
-94 -339 0
-95 -340 0
-96 -341 0
-97 -342 0
-98 -343 0
-99 -106 0
-100 -107 0
-101 -108 0
-102 -109 0
-103 -110 0
-104 -111 0
-105 -112 0
-99 -113 0
-100 -114 0
-101 -115 0
-102 -116 0
-103 -117 0
-104 -118 0
-105 -119 0
-99 -120 0
-100 -121 0
-101 -122 0
-102 -123 0
-103 -124 0
-104 -125 0
-105 -126 0
-99 -127 0
-100 -128 0
-101 -129 0
-102 -130 0
-103 -131 0
-104 -132 0
-105 -133 0
-99 -141 0
-100 -142 0
-101 -143 0
-102 -144 0
-103 -145 0
-104 -146 0
-105 -147 0
-99 -148 0
-100 -149 0
-101 -150 0
-102 -151 0
-103 -152 0
-104 -153 0
-105 -154 0
-99 -155 0
-100 -156 0
-101 -157 0
-102 -158 0
-103 -159 0
-104 -160 0
-105 -161 0
-99 -162 0
-100 -163 0
-101 -164 0
-102 -165 0
-103 -166 0
-104 -167 0
-105 -168 0
-99 -169 0
-100 -170 0
-101 -171 0
-102 -172 0
-103 -173 0
-104 -174 0
-105 -175 0
-99 -176 0
-100 -177 0
-101 -178 0
-102 -179 0
-103 -180 0
-104 -181 0
-105 -182 0
-99 -183 0
-100 -184 0
-101 -185 0
-102 -186 0
-103 -187 0
-104 -188 0
-105 -189 0
-99 -190 0
-100 -191 0
-101 -192 0
-102 -193 0
-103 -194 0
-104 -195 0
-105 -196 0
-99 -204 0
-100 -205 0
-101 -206 0
-102 -207 0
-103 -208 0
-104 -209 0
-105 -210 0
-99 -218 0
-100 -219 0
-101 -220 0
-102 -221 0
-103 -222 0
-104 -223 0
-105 -224 0
-99 -225 0
-100 -226 0
-101 -227 0
-102 -228 0
-103 -229 0
-104 -230 0
-105 -231 0
-99 -246 0
-100 -247 0
-101 -248 0
-102 -249 0
-103 -250 0
-104 -251 0
-105 -252 0
-99 -253 0
-100 -254 0
-101 -255 0
-102 -256 0
-103 -257 0
-104 -258 0
-105 -259 0
-99 -260 0
-100 -261 0
-101 -262 0
-102 -263 0
-103 -264 0
-104 -265 0
-105 -266 0
-99 -267 0
-100 -268 0
-101 -269 0
-102 -270 0
-103 -271 0
-104 -272 0
-105 -273 0
-99 -281 0
-100 -282 0
-101 -283 0
-102 -284 0
-103 -285 0
-104 -286 0
-105 -287 0
-99 -288 0
-100 -289 0
-101 -290 0
-102 -291 0
-103 -292 0
-104 -293 0
-105 -294 0
-99 -295 0
-100 -296 0
-101 -297 0
-102 -298 0
-103 -299 0
-104 -300 0
-105 -301 0
-99 -302 0
-100 -303 0
-101 -304 0
-102 -305 0
-103 -306 0
-104 -307 0
-105 -308 0
-99 -309 0
-100 -310 0
-101 -311 0
-102 -312 0
-103 -313 0
-104 -314 0
-105 -315 0
-99 -330 0
-100 -331 0
-101 -332 0
-102 -333 0
-103 -334 0
-104 -335 0
-105 -336 0
-99 -344 0
-100 -345 0
-101 -346 0
-102 -347 0
-103 -348 0
-104 -349 0
-105 -350 0
-106 -120 0
-107 -121 0
-108 -122 0
-109 -123 0
-110 -124 0
-111 -125 0
-112 -126 0
-106 -127 0
-107 -128 0
-108 -129 0
-109 -130 0
-110 -131 0
-111 -132 0
-112 -133 0
-106 -134 0
-107 -135 0
-108 -136 0
-109 -137 0
-110 -138 0
-111 -139 0
-112 -140 0
-106 -141 0
-107 -142 0
-108 -143 0
-109 -144 0
-110 -145 0
-111 -146 0
-112 -147 0
-106 -148 0
-107 -149 0
-108 -150 0
-109 -151 0
-110 -152 0
-111 -153 0
-112 -154 0
-106 -155 0
-107 -156 0
-108 -157 0
-109 -158 0
-110 -159 0
-111 -160 0
-112 -161 0
-106 -162 0
-107 -163 0
-108 -164 0
-109 -165 0
-110 -166 0
-111 -167 0
-112 -168 0
-106 -169 0
-107 -170 0
-108 -171 0
-109 -172 0
-110 -173 0
-111 -174 0
-112 -175 0
-106 -176 0
-107 -177 0
-108 -178 0
-109 -179 0
-110 -180 0
-111 -181 0
-112 -182 0
-106 -183 0
-107 -184 0
-108 -185 0
-109 -186 0
-110 -187 0
-111 -188 0
-112 -189 0
-106 -204 0
-107 -205 0
-108 -206 0
-109 -207 0
-110 -208 0
-111 -209 0
-112 -210 0
-106 -218 0
-107 -219 0
-108 -220 0
-109 -221 0
-110 -222 0
-111 -223 0
-112 -224 0
-106 -225 0
-107 -226 0
-108 -227 0
-109 -228 0
-110 -229 0
-111 -230 0
-112 -231 0
-106 -232 0
-107 -233 0
-108 -234 0
-109 -235 0
-110 -236 0
-111 -237 0
-112 -238 0
-106 -239 0
-107 -240 0
-108 -241 0
-109 -242 0
-110 -243 0
-111 -244 0
-112 -245 0
-106 -246 0
-107 -247 0
-108 -248 0
-109 -249 0
-110 -250 0
-111 -251 0
-112 -252 0
-106 -253 0
-107 -254 0
-108 -255 0
-109 -256 0
-110 -257 0
-111 -258 0
-112 -259 0
-106 -260 0
-107 -261 0
-108 -262 0
-109 -263 0
-110 -264 0
-111 -265 0
-112 -266 0
-106 -267 0
-107 -268 0
-108 -269 0
-109 -270 0
-110 -271 0
-111 -272 0
-112 -273 0
-106 -274 0
-107 -275 0
-108 -276 0
-109 -277 0
-110 -278 0
-111 -279 0
-112 -280 0
-106 -295 0
-107 -296 0
-108 -297 0
-109 -298 0
-110 -299 0
-111 -300 0
-112 -301 0
-106 -302 0
-107 -303 0
-108 -304 0
-109 -305 0
-110 -306 0
-111 -307 0
-112 -308 0
-106 -309 0
-107 -310 0
-108 -311 0
-109 -312 0
-110 -313 0
-111 -314 0
-112 -315 0
-106 -316 0
-107 -317 0
-108 -318 0
-109 -319 0
-110 -320 0
-111 -321 0
-112 -322 0
-106 -323 0
-107 -324 0
-108 -325 0
-109 -326 0
-110 -327 0
-111 -328 0
-112 -329 0
-106 -330 0
-107 -331 0
-108 -332 0
-109 -333 0
-110 -334 0
-111 -335 0
-112 -336 0
-106 -337 0
-107 -338 0
-108 -339 0
-109 -340 0
-110 -341 0
-111 -342 0
-112 -343 0
-106 -344 0
-107 -345 0
-108 -346 0
-109 -347 0
-110 -348 0
-111 -349 0
-112 -350 0
-113 -120 0
-114 -121 0
-115 -122 0
-116 -123 0
-117 -124 0
-118 -125 0
-119 -126 0
-113 -127 0
-114 -128 0
-115 -129 0
-116 -130 0
-117 -131 0
-118 -132 0
-119 -133 0
-113 -141 0
-114 -142 0
-115 -143 0
-116 -144 0
-117 -145 0
-118 -146 0
-119 -147 0
-113 -148 0
-114 -149 0
-115 -150 0
-116 -151 0
-117 -152 0
-118 -153 0
-119 -154 0
-113 -155 0
-114 -156 0
-115 -157 0
-116 -158 0
-117 -159 0
-118 -160 0
-119 -161 0
-113 -162 0
-114 -163 0
-115 -164 0
-116 -165 0
-117 -166 0
-118 -167 0
-119 -168 0
-113 -183 0
-114 -184 0
-115 -185 0
-116 -186 0
-117 -187 0
-118 -188 0
-119 -189 0
-113 -190 0
-114 -191 0
-115 -192 0
-116 -193 0
-117 -194 0
-118 -195 0
-119 -196 0
-113 -197 0
-114 -198 0
-115 -199 0
-116 -200 0
-117 -201 0
-118 -202 0
-119 -203 0
-113 -204 0
-114 -205 0
-115 -206 0
-116 -207 0
-117 -208 0
-118 -209 0
-119 -210 0
-113 -218 0
-114 -219 0
-115 -220 0
-116 -221 0
-117 -222 0
-118 -223 0
-119 -224 0
-113 -225 0
-114 -226 0
-115 -227 0
-116 -228 0
-117 -229 0
-118 -230 0
-119 -231 0
-113 -232 0
-114 -233 0
-115 -234 0
-116 -235 0
-117 -236 0
-118 -237 0
-119 -238 0
-113 -239 0
-114 -240 0
-115 -241 0
-116 -242 0
-117 -243 0
-118 -244 0
-119 -245 0
-113 -246 0
-114 -247 0
-115 -248 0
-116 -249 0
-117 -250 0
-118 -251 0
-119 -252 0
-113 -274 0
-114 -275 0
-115 -276 0
-116 -277 0
-117 -278 0
-118 -279 0
-119 -280 0
-113 -281 0
-114 -282 0
-115 -283 0
-116 -284 0
-117 -285 0
-118 -286 0
-119 -287 0
-113 -288 0
-114 -289 0
-115 -290 0
-116 -291 0
-117 -292 0
-118 -293 0
-119 -294 0
-113 -295 0
-114 -296 0
-115 -297 0
-116 -298 0
-117 -299 0
-118 -300 0
-119 -301 0
-113 -302 0
-114 -303 0
-115 -304 0
-116 -305 0
-117 -306 0
-118 -307 0
-119 -308 0
-113 -323 0
-114 -324 0
-115 -325 0
-116 -326 0
-117 -327 0
-118 -328 0
-119 -329 0
-113 -337 0
-114 -338 0
-115 -339 0
-116 -340 0
-117 -341 0
-118 -342 0
-119 -343 0
-113 -344 0
-114 -345 0
-115 -346 0
-116 -347 0
-117 -348 0
-118 -349 0
-119 -350 0
-120 -127 0
-121 -128 0
-122 -129 0
-123 -130 0
-124 -131 0
-125 -132 0
-126 -133 0
-120 -134 0
-121 -135 0
-122 -136 0
-123 -137 0
-124 -138 0
-125 -139 0
-126 -140 0
-120 -141 0
-121 -142 0
-122 -143 0
-123 -144 0
-124 -145 0
-125 -146 0
-126 -147 0
-120 -148 0
-121 -149 0
-122 -150 0
-123 -151 0
-124 -152 0
-125 -153 0
-126 -154 0
-120 -155 0
-121 -156 0
-122 -157 0
-123 -158 0
-124 -159 0
-125 -160 0
-126 -161 0
-120 -169 0
-121 -170 0
-122 -171 0
-123 -172 0
-124 -173 0
-125 -174 0
-126 -175 0
-120 -176 0
-121 -177 0
-122 -178 0
-123 -179 0
-124 -180 0
-125 -181 0
-126 -182 0
-120 -183 0
-121 -184 0
-122 -185 0
-123 -186 0
-124 -187 0
-125 -188 0
-126 -189 0
-120 -197 0
-121 -198 0
-122 -199 0
-123 -200 0
-124 -201 0
-125 -202 0
-126 -203 0
-120 -211 0
-121 -212 0
-122 -213 0
-123 -214 0
-124 -215 0
-125 -216 0
-126 -217 0
-120 -218 0
-121 -219 0
-122 -220 0
-123 -221 0
-124 -222 0
-125 -223 0
-126 -224 0
-120 -225 0
-121 -226 0
-122 -227 0
-123 -228 0
-124 -229 0
-125 -230 0
-126 -231 0
-120 -239 0
-121 -240 0
-122 -241 0
-123 -242 0
-124 -243 0
-125 -244 0
-126 -245 0
-120 -253 0
-121 -254 0
-122 -255 0
-123 -256 0
-124 -257 0
-125 -258 0
-126 -259 0
-120 -260 0
-121 -261 0
-122 -262 0
-123 -263 0
-124 -264 0
-125 -265 0
-126 -266 0
-120 -267 0
-121 -268 0
-122 -269 0
-123 -270 0
-124 -271 0
-125 -272 0
-126 -273 0
-120 -281 0
-121 -282 0
-122 -283 0
-123 -284 0
-124 -285 0
-125 -286 0
-126 -287 0
-120 -288 0
-121 -289 0
-122 -290 0
-123 -291 0
-124 -292 0
-125 -293 0
-126 -294 0
-120 -295 0
-121 -296 0
-122 -297 0
-123 -298 0
-124 -299 0
-125 -300 0
-126 -301 0
-120 -302 0
-121 -303 0
-122 -304 0
-123 -305 0
-124 -306 0
-125 -307 0
-126 -308 0
-120 -323 0
-121 -324 0
-122 -325 0
-123 -326 0
-124 -327 0
-125 -328 0
-126 -329 0
-120 -330 0
-121 -331 0
-122 -332 0
-123 -333 0
-124 -334 0
-125 -335 0
-126 -336 0
-120 -337 0
-121 -338 0
-122 -339 0
-123 -340 0
-124 -341 0
-125 -342 0
-126 -343 0
-120 -344 0
-121 -345 0
-122 -346 0
-123 -347 0
-124 -348 0
-125 -349 0
-126 -350 0
-127 -134 0
-128 -135 0
-129 -136 0
-130 -137 0
-131 -138 0
-132 -139 0
-133 -140 0
-127 -155 0
-128 -156 0
-129 -157 0
-130 -158 0
-131 -159 0
-132 -160 0
-133 -161 0
-127 -162 0
-128 -163 0
-129 -164 0
-130 -165 0
-131 -166 0
-132 -167 0
-133 -168 0
-127 -169 0
-128 -170 0
-129 -171 0
-130 -172 0
-131 -173 0
-132 -174 0
-133 -175 0
-127 -176 0
-128 -177 0
-129 -178 0
-130 -179 0
-131 -180 0
-132 -181 0
-133 -182 0
-127 -190 0
-128 -191 0
-129 -192 0
-130 -193 0
-131 -194 0
-132 -195 0
-133 -196 0
-127 -197 0
-128 -198 0
-129 -199 0
-130 -200 0
-131 -201 0
-132 -202 0
-133 -203 0
-127 -204 0
-128 -205 0
-129 -206 0
-130 -207 0
-131 -208 0
-132 -209 0
-133 -210 0
-127 -211 0
-128 -212 0
-129 -213 0
-130 -214 0
-131 -215 0
-132 -216 0
-133 -217 0
-127 -218 0
-128 -219 0
-129 -220 0
-130 -221 0
-131 -222 0
-132 -223 0
-133 -224 0
-127 -225 0
-128 -226 0
-129 -227 0
-130 -228 0
-131 -229 0
-132 -230 0
-133 -231 0
-127 -232 0
-128 -233 0
-129 -234 0
-130 -235 0
-131 -236 0
-132 -237 0
-133 -238 0
-127 -239 0
-128 -240 0
-129 -241 0
-130 -242 0
-131 -243 0
-132 -244 0
-133 -245 0
-127 -246 0
-128 -247 0
-129 -248 0
-130 -249 0
-131 -250 0
-132 -251 0
-133 -252 0
-127 -253 0
-128 -254 0
-129 -255 0
-130 -256 0
-131 -257 0
-132 -258 0
-133 -259 0
-127 -260 0
-128 -261 0
-129 -262 0
-130 -263 0
-131 -264 0
-132 -265 0
-133 -266 0
-127 -274 0
-128 -275 0
-129 -276 0
-130 -277 0
-131 -278 0
-132 -279 0
-133 -280 0
-127 -288 0
-128 -289 0
-129 -290 0
-130 -291 0
-131 -292 0
-132 -293 0
-133 -294 0
-127 -295 0
-128 -296 0
-129 -297 0
-130 -298 0
-131 -299 0
-132 -300 0
-133 -301 0
-127 -302 0
-128 -303 0
-129 -304 0
-130 -305 0
-131 -306 0
-132 -307 0
-133 -308 0
-127 -309 0
-128 -310 0
-129 -311 0
-130 -312 0
-131 -313 0
-132 -314 0
-133 -315 0
-127 -316 0
-128 -317 0
-129 -318 0
-130 -319 0
-131 -320 0
-132 -321 0
-133 -322 0
-127 -323 0
-128 -324 0
-129 -325 0
-130 -326 0
-131 -327 0
-132 -328 0
-133 -329 0
-127 -330 0
-128 -331 0
-129 -332 0
-130 -333 0
-131 -334 0
-132 -335 0
-133 -336 0
-127 -337 0
-128 -338 0
-129 -339 0
-130 -340 0
-131 -341 0
-132 -342 0
-133 -343 0
-134 -141 0
-135 -142 0
-136 -143 0
-137 -144 0
-138 -145 0
-139 -146 0
-140 -147 0
-134 -148 0
-135 -149 0
-136 -150 0
-137 -151 0
-138 -152 0
-139 -153 0
-140 -154 0
-134 -155 0
-135 -156 0
-136 -157 0
-137 -158 0
-138 -159 0
-139 -160 0
-140 -161 0
-134 -162 0
-135 -163 0
-136 -164 0
-137 -165 0
-138 -166 0
-139 -167 0
-140 -168 0
-134 -169 0
-135 -170 0
-136 -171 0
-137 -172 0
-138 -173 0
-139 -174 0
-140 -175 0
-134 -176 0
-135 -177 0
-136 -178 0
-137 -179 0
-138 -180 0
-139 -181 0
-140 -182 0
-134 -190 0
-135 -191 0
-136 -192 0
-137 -193 0
-138 -194 0
-139 -195 0
-140 -196 0
-134 -197 0
-135 -198 0
-136 -199 0
-137 -200 0
-138 -201 0
-139 -202 0
-140 -203 0
-134 -204 0
-135 -205 0
-136 -206 0
-137 -207 0
-138 -208 0
-139 -209 0
-140 -210 0
-134 -211 0
-135 -212 0
-136 -213 0
-137 -214 0
-138 -215 0
-139 -216 0
-140 -217 0
-134 -218 0
-135 -219 0
-136 -220 0
-137 -221 0
-138 -222 0
-139 -223 0
-140 -224 0
-134 -232 0
-135 -233 0
-136 -234 0
-137 -235 0
-138 -236 0
-139 -237 0
-140 -238 0
-134 -246 0
-135 -247 0
-136 -248 0
-137 -249 0
-138 -250 0
-139 -251 0
-140 -252 0
-134 -253 0
-135 -254 0
-136 -255 0
-137 -256 0
-138 -257 0
-139 -258 0
-140 -259 0
-134 -260 0
-135 -261 0
-136 -262 0
-137 -263 0
-138 -264 0
-139 -265 0
-140 -266 0
-134 -267 0
-135 -268 0
-136 -269 0
-137 -270 0
-138 -271 0
-139 -272 0
-140 -273 0
-134 -274 0
-135 -275 0
-136 -276 0
-137 -277 0
-138 -278 0
-139 -279 0
-140 -280 0
-134 -281 0
-135 -282 0
-136 -283 0
-137 -284 0
-138 -285 0
-139 -286 0
-140 -287 0
-134 -288 0
-135 -289 0
-136 -290 0
-137 -291 0
-138 -292 0
-139 -293 0
-140 -294 0
-134 -295 0
-135 -296 0
-136 -297 0
-137 -298 0
-138 -299 0
-139 -300 0
-140 -301 0
-134 -309 0
-135 -310 0
-136 -311 0
-137 -312 0
-138 -313 0
-139 -314 0
-140 -315 0
-134 -316 0
-135 -317 0
-136 -318 0
-137 -319 0
-138 -320 0
-139 -321 0
-140 -322 0
-134 -330 0
-135 -331 0
-136 -332 0
-137 -333 0
-138 -334 0
-139 -335 0
-140 -336 0
-134 -337 0
-135 -338 0
-136 -339 0
-137 -340 0
-138 -341 0
-139 -342 0
-140 -343 0
-134 -344 0
-135 -345 0
-136 -346 0
-137 -347 0
-138 -348 0
-139 -349 0
-140 -350 0
-141 -148 0
-142 -149 0
-143 -150 0
-144 -151 0
-145 -152 0
-146 -153 0
-147 -154 0
-141 -155 0
-142 -156 0
-143 -157 0
-144 -158 0
-145 -159 0
-146 -160 0
-147 -161 0
-141 -183 0
-142 -184 0
-143 -185 0
-144 -186 0
-145 -187 0
-146 -188 0
-147 -189 0
-141 -190 0
-142 -191 0
-143 -192 0
-144 -193 0
-145 -194 0
-146 -195 0
-147 -196 0
-141 -204 0
-142 -205 0
-143 -206 0
-144 -207 0
-145 -208 0
-146 -209 0
-147 -210 0
-141 -211 0
-142 -212 0
-143 -213 0
-144 -214 0
-145 -215 0
-146 -216 0
-147 -217 0
-141 -218 0
-142 -219 0
-143 -220 0
-144 -221 0
-145 -222 0
-146 -223 0
-147 -224 0
-141 -225 0
-142 -226 0
-143 -227 0
-144 -228 0
-145 -229 0
-146 -230 0
-147 -231 0
-141 -253 0
-142 -254 0
-143 -255 0
-144 -256 0
-145 -257 0
-146 -258 0
-147 -259 0
-141 -260 0
-142 -261 0
-143 -262 0
-144 -263 0
-145 -264 0
-146 -265 0
-147 -266 0
-141 -267 0
-142 -268 0
-143 -269 0
-144 -270 0
-145 -271 0
-146 -272 0
-147 -273 0
-141 -281 0
-142 -282 0
-143 -283 0
-144 -284 0
-145 -285 0
-146 -286 0
-147 -287 0
-141 -295 0
-142 -296 0
-143 -297 0
-144 -298 0
-145 -299 0
-146 -300 0
-147 -301 0
-141 -302 0
-142 -303 0
-143 -304 0
-144 -305 0
-145 -306 0
-146 -307 0
-147 -308 0
-141 -309 0
-142 -310 0
-143 -311 0
-144 -312 0
-145 -313 0
-146 -314 0
-147 -315 0
-141 -316 0
-142 -317 0
-143 -318 0
-144 -319 0
-145 -320 0
-146 -321 0
-147 -322 0
-141 -323 0
-142 -324 0
-143 -325 0
-144 -326 0
-145 -327 0
-146 -328 0
-147 -329 0
-141 -337 0
-142 -338 0
-143 -339 0
-144 -340 0
-145 -341 0
-146 -342 0
-147 -343 0
-148 -162 0
-149 -163 0
-150 -164 0
-151 -165 0
-152 -166 0
-153 -167 0
-154 -168 0
-148 -169 0
-149 -170 0
-150 -171 0
-151 -172 0
-152 -173 0
-153 -174 0
-154 -175 0
-148 -176 0
-149 -177 0
-150 -178 0
-151 -179 0
-152 -180 0
-153 -181 0
-154 -182 0
-148 -190 0
-149 -191 0
-150 -192 0
-151 -193 0
-152 -194 0
-153 -195 0
-154 -196 0
-148 -197 0
-149 -198 0
-150 -199 0
-151 -200 0
-152 -201 0
-153 -202 0
-154 -203 0
-148 -204 0
-149 -205 0
-150 -206 0
-151 -207 0
-152 -208 0
-153 -209 0
-154 -210 0
-148 -211 0
-149 -212 0
-150 -213 0
-151 -214 0
-152 -215 0
-153 -216 0
-154 -217 0
-148 -225 0
-149 -226 0
-150 -227 0
-151 -228 0
-152 -229 0
-153 -230 0
-154 -231 0
-148 -232 0
-149 -233 0
-150 -234 0
-151 -235 0
-152 -236 0
-153 -237 0
-154 -238 0
-148 -246 0
-149 -247 0
-150 -248 0
-151 -249 0
-152 -250 0
-153 -251 0
-154 -252 0
-148 -253 0
-149 -254 0
-150 -255 0
-151 -256 0
-152 -257 0
-153 -258 0
-154 -259 0
-148 -260 0
-149 -261 0
-150 -262 0
-151 -263 0
-152 -264 0
-153 -265 0
-154 -266 0
-148 -267 0
-149 -268 0
-150 -269 0
-151 -270 0
-152 -271 0
-153 -272 0
-154 -273 0
-148 -274 0
-149 -275 0
-150 -276 0
-151 -277 0
-152 -278 0
-153 -279 0
-154 -280 0
-148 -281 0
-149 -282 0
-150 -283 0
-151 -284 0
-152 -285 0
-153 -286 0
-154 -287 0
-148 -288 0
-149 -289 0
-150 -290 0
-151 -291 0
-152 -292 0
-153 -293 0
-154 -294 0
-148 -302 0
-149 -303 0
-150 -304 0
-151 -305 0
-152 -306 0
-153 -307 0
-154 -308 0
-148 -309 0
-149 -310 0
-150 -311 0
-151 -312 0
-152 -313 0
-153 -314 0
-154 -315 0
-148 -316 0
-149 -317 0
-150 -318 0
-151 -319 0
-152 -320 0
-153 -321 0
-154 -322 0
-148 -323 0
-149 -324 0
-150 -325 0
-151 -326 0
-152 -327 0
-153 -328 0
-154 -329 0
-148 -330 0
-149 -331 0
-150 -332 0
-151 -333 0
-152 -334 0
-153 -335 0
-154 -336 0
-148 -337 0
-149 -338 0
-150 -339 0
-151 -340 0
-152 -341 0
-153 -342 0
-154 -343 0
-148 -344 0
-149 -345 0
-150 -346 0
-151 -347 0
-152 -348 0
-153 -349 0
-154 -350 0
-155 -162 0
-156 -163 0
-157 -164 0
-158 -165 0
-159 -166 0
-160 -167 0
-161 -168 0
-155 -169 0
-156 -170 0
-157 -171 0
-158 -172 0
-159 -173 0
-160 -174 0
-161 -175 0
-155 -176 0
-156 -177 0
-157 -178 0
-158 -179 0
-159 -180 0
-160 -181 0
-161 -182 0
-155 -183 0
-156 -184 0
-157 -185 0
-158 -186 0
-159 -187 0
-160 -188 0
-161 -189 0
-155 -190 0
-156 -191 0
-157 -192 0
-158 -193 0
-159 -194 0
-160 -195 0
-161 -196 0
-155 -211 0
-156 -212 0
-157 -213 0
-158 -214 0
-159 -215 0
-160 -216 0
-161 -217 0
-155 -218 0
-156 -219 0
-157 -220 0
-158 -221 0
-159 -222 0
-160 -223 0
-161 -224 0
-155 -225 0
-156 -226 0
-157 -227 0
-158 -228 0
-159 -229 0
-160 -230 0
-161 -231 0
-155 -232 0
-156 -233 0
-157 -234 0
-158 -235 0
-159 -236 0
-160 -237 0
-161 -238 0
-155 -246 0
-156 -247 0
-157 -248 0
-158 -249 0
-159 -250 0
-160 -251 0
-161 -252 0
-155 -253 0
-156 -254 0
-157 -255 0
-158 -256 0
-159 -257 0
-160 -258 0
-161 -259 0
-155 -260 0
-156 -261 0
-157 -262 0
-158 -263 0
-159 -264 0
-160 -265 0
-161 -266 0
-155 -267 0
-156 -268 0
-157 -269 0
-158 -270 0
-159 -271 0
-160 -272 0
-161 -273 0
-155 -274 0
-156 -275 0
-157 -276 0
-158 -277 0
-159 -278 0
-160 -279 0
-161 -280 0
-155 -281 0
-156 -282 0
-157 -283 0
-158 -284 0
-159 -285 0
-160 -286 0
-161 -287 0
-155 -288 0
-156 -289 0
-157 -290 0
-158 -291 0
-159 -292 0
-160 -293 0
-161 -294 0
-155 -295 0
-156 -296 0
-157 -297 0
-158 -298 0
-159 -299 0
-160 -300 0
-161 -301 0
-155 -302 0
-156 -303 0
-157 -304 0
-158 -305 0
-159 -306 0
-160 -307 0
-161 -308 0
-155 -316 0
-156 -317 0
-157 -318 0
-158 -319 0
-159 -320 0
-160 -321 0
-161 -322 0
-155 -323 0
-156 -324 0
-157 -325 0
-158 -326 0
-159 -327 0
-160 -328 0
-161 -329 0
-155 -330 0
-156 -331 0
-157 -332 0
-158 -333 0
-159 -334 0
-160 -335 0
-161 -336 0
-155 -337 0
-156 -338 0
-157 -339 0
-158 -340 0
-159 -341 0
-160 -342 0
-161 -343 0
-162 -169 0
-163 -170 0
-164 -171 0
-165 -172 0
-166 -173 0
-167 -174 0
-168 -175 0
-162 -176 0
-163 -177 0
-164 -178 0
-165 -179 0
-166 -180 0
-167 -181 0
-168 -182 0
-162 -204 0
-163 -205 0
-164 -206 0
-165 -207 0
-166 -208 0
-167 -209 0
-168 -210 0
-162 -218 0
-163 -219 0
-164 -220 0
-165 -221 0
-166 -222 0
-167 -223 0
-168 -224 0
-162 -225 0
-163 -226 0
-164 -227 0
-165 -228 0
-166 -229 0
-167 -230 0
-168 -231 0
-162 -232 0
-163 -233 0
-164 -234 0
-165 -235 0
-166 -236 0
-167 -237 0
-168 -238 0
-162 -246 0
-163 -247 0
-164 -248 0
-165 -249 0
-166 -250 0
-167 -251 0
-168 -252 0
-162 -253 0
-163 -254 0
-164 -255 0
-165 -256 0
-166 -257 0
-167 -258 0
-168 -259 0
-162 -260 0
-163 -261 0
-164 -262 0
-165 -263 0
-166 -264 0
-167 -265 0
-168 -266 0
-162 -267 0
-163 -268 0
-164 -269 0
-165 -270 0
-166 -271 0
-167 -272 0
-168 -273 0
-162 -288 0
-163 -289 0
-164 -290 0
-165 -291 0
-166 -292 0
-167 -293 0
-168 -294 0
-162 -295 0
-163 -296 0
-164 -297 0
-165 -298 0
-166 -299 0
-167 -300 0
-168 -301 0
-162 -302 0
-163 -303 0
-164 -304 0
-165 -305 0
-166 -306 0
-167 -307 0
-168 -308 0
-162 -309 0
-163 -310 0
-164 -311 0
-165 -312 0
-166 -313 0
-167 -314 0
-168 -315 0
-162 -323 0
-163 -324 0
-164 -325 0
-165 -326 0
-166 -327 0
-167 -328 0
-168 -329 0
-162 -330 0
-163 -331 0
-164 -332 0
-165 -333 0
-166 -334 0
-167 -335 0
-168 -336 0
-162 -337 0
-163 -338 0
-164 -339 0
-165 -340 0
-166 -341 0
-167 -342 0
-168 -343 0
-162 -344 0
-163 -345 0
-164 -346 0
-165 -347 0
-166 -348 0
-167 -349 0
-168 -350 0
-169 -183 0
-170 -184 0
-171 -185 0
-172 -186 0
-173 -187 0
-174 -188 0
-175 -189 0
-169 -190 0
-170 -191 0
-171 -192 0
-172 -193 0
-173 -194 0
-174 -195 0
-175 -196 0
-169 -197 0
-170 -198 0
-171 -199 0
-172 -200 0
-173 -201 0
-174 -202 0
-175 -203 0
-169 -204 0
-170 -205 0
-171 -206 0
-172 -207 0
-173 -208 0
-174 -209 0
-175 -210 0
-169 -218 0
-170 -219 0
-171 -220 0
-172 -221 0
-173 -222 0
-174 -223 0
-175 -224 0
-169 -225 0
-170 -226 0
-171 -227 0
-172 -228 0
-173 -229 0
-174 -230 0
-175 -231 0
-169 -246 0
-170 -247 0
-171 -248 0
-172 -249 0
-173 -250 0
-174 -251 0
-175 -252 0
-169 -253 0
-170 -254 0
-171 -255 0
-172 -256 0
-173 -257 0
-174 -258 0
-175 -259 0
-169 -260 0
-170 -261 0
-171 -262 0
-172 -263 0
-173 -264 0
-174 -265 0
-175 -266 0
-169 -267 0
-170 -268 0
-171 -269 0
-172 -270 0
-173 -271 0
-174 -272 0
-175 -273 0
-169 -281 0
-170 -282 0
-171 -283 0
-172 -284 0
-173 -285 0
-174 -286 0
-175 -287 0
-169 -288 0
-170 -289 0
-171 -290 0
-172 -291 0
-173 -292 0
-174 -293 0
-175 -294 0
-169 -295 0
-170 -296 0
-171 -297 0
-172 -298 0
-173 -299 0
-174 -300 0
-175 -301 0
-169 -302 0
-170 -303 0
-171 -304 0
-172 -305 0
-173 -306 0
-174 -307 0
-175 -308 0
-169 -309 0
-170 -310 0
-171 -311 0
-172 -312 0
-173 -313 0
-174 -314 0
-175 -315 0
-169 -323 0
-170 -324 0
-171 -325 0
-172 -326 0
-173 -327 0
-174 -328 0
-175 -329 0
-169 -330 0
-170 -331 0
-171 -332 0
-172 -333 0
-173 -334 0
-174 -335 0
-175 -336 0
-169 -337 0
-170 -338 0
-171 -339 0
-172 -340 0
-173 -341 0
-174 -342 0
-175 -343 0
-169 -344 0
-170 -345 0
-171 -346 0
-172 -347 0
-173 -348 0
-174 -349 0
-175 -350 0
-176 -183 0
-177 -184 0
-178 -185 0
-179 -186 0
-180 -187 0
-181 -188 0
-182 -189 0
-176 -190 0
-177 -191 0
-178 -192 0
-179 -193 0
-180 -194 0
-181 -195 0
-182 -196 0
-176 -197 0
-177 -198 0
-178 -199 0
-179 -200 0
-180 -201 0
-181 -202 0
-182 -203 0
-176 -218 0
-177 -219 0
-178 -220 0
-179 -221 0
-180 -222 0
-181 -223 0
-182 -224 0
-176 -225 0
-177 -226 0
-178 -227 0
-179 -228 0
-180 -229 0
-181 -230 0
-182 -231 0
-176 -232 0
-177 -233 0
-178 -234 0
-179 -235 0
-180 -236 0
-181 -237 0
-182 -238 0
-176 -239 0
-177 -240 0
-178 -241 0
-179 -242 0
-180 -243 0
-181 -244 0
-182 -245 0
-176 -260 0
-177 -261 0
-178 -262 0
-179 -263 0
-180 -264 0
-181 -265 0
-182 -266 0
-176 -288 0
-177 -289 0
-178 -290 0
-179 -291 0
-180 -292 0
-181 -293 0
-182 -294 0
-176 -302 0
-177 -303 0
-178 -304 0
-179 -305 0
-180 -306 0
-181 -307 0
-182 -308 0
-176 -309 0
-177 -310 0
-178 -311 0
-179 -312 0
-180 -313 0
-181 -314 0
-182 -315 0
-176 -323 0
-177 -324 0
-178 -325 0
-179 -326 0
-180 -327 0
-181 -328 0
-182 -329 0
-176 -330 0
-177 -331 0
-178 -332 0
-179 -333 0
-180 -334 0
-181 -335 0
-182 -336 0
-176 -337 0
-177 -338 0
-178 -339 0
-179 -340 0
-180 -341 0
-181 -342 0
-182 -343 0
-176 -344 0
-177 -345 0
-178 -346 0
-179 -347 0
-180 -348 0
-181 -349 0
-182 -350 0
-183 -190 0
-184 -191 0
-185 -192 0
-186 -193 0
-187 -194 0
-188 -195 0
-189 -196 0
-183 -211 0
-184 -212 0
-185 -213 0
-186 -214 0
-187 -215 0
-188 -216 0
-189 -217 0
-183 -225 0
-184 -226 0
-185 -227 0
-186 -228 0
-187 -229 0
-188 -230 0
-189 -231 0
-183 -239 0
-184 -240 0
-185 -241 0
-186 -242 0
-187 -243 0
-188 -244 0
-189 -245 0
-183 -246 0
-184 -247 0
-185 -248 0
-186 -249 0
-187 -250 0
-188 -251 0
-189 -252 0
-183 -253 0
-184 -254 0
-185 -255 0
-186 -256 0
-187 -257 0
-188 -258 0
-189 -259 0
-183 -260 0
-184 -261 0
-185 -262 0
-186 -263 0
-187 -264 0
-188 -265 0
-189 -266 0
-183 -267 0
-184 -268 0
-185 -269 0
-186 -270 0
-187 -271 0
-188 -272 0
-189 -273 0
-183 -281 0
-184 -282 0
-185 -283 0
-186 -284 0
-187 -285 0
-188 -286 0
-189 -287 0
-183 -288 0
-184 -289 0
-185 -290 0
-186 -291 0
-187 -292 0
-188 -293 0
-189 -294 0
-183 -295 0
-184 -296 0
-185 -297 0
-186 -298 0
-187 -299 0
-188 -300 0
-189 -301 0
-183 -302 0
-184 -303 0
-185 -304 0
-186 -305 0
-187 -306 0
-188 -307 0
-189 -308 0
-183 -309 0
-184 -310 0
-185 -311 0
-186 -312 0
-187 -313 0
-188 -314 0
-189 -315 0
-183 -316 0
-184 -317 0
-185 -318 0
-186 -319 0
-187 -320 0
-188 -321 0
-189 -322 0
-183 -323 0
-184 -324 0
-185 -325 0
-186 -326 0
-187 -327 0
-188 -328 0
-189 -329 0
-183 -330 0
-184 -331 0
-185 -332 0
-186 -333 0
-187 -334 0
-188 -335 0
-189 -336 0
-183 -344 0
-184 -345 0
-185 -346 0
-186 -347 0
-187 -348 0
-188 -349 0
-189 -350 0
-190 -197 0
-191 -198 0
-192 -199 0
-193 -200 0
-194 -201 0
-195 -202 0
-196 -203 0
-190 -218 0
-191 -219 0
-192 -220 0
-193 -221 0
-194 -222 0
-195 -223 0
-196 -224 0
-190 -225 0
-191 -226 0
-192 -227 0
-193 -228 0
-194 -229 0
-195 -230 0
-196 -231 0
-190 -232 0
-191 -233 0
-192 -234 0
-193 -235 0
-194 -236 0
-195 -237 0
-196 -238 0
-190 -246 0
-191 -247 0
-192 -248 0
-193 -249 0
-194 -250 0
-195 -251 0
-196 -252 0
-190 -253 0
-191 -254 0
-192 -255 0
-193 -256 0
-194 -257 0
-195 -258 0
-196 -259 0
-190 -260 0
-191 -261 0
-192 -262 0
-193 -263 0
-194 -264 0
-195 -265 0
-196 -266 0
-190 -267 0
-191 -268 0
-192 -269 0
-193 -270 0
-194 -271 0
-195 -272 0
-196 -273 0
-190 -274 0
-191 -275 0
-192 -276 0
-193 -277 0
-194 -278 0
-195 -279 0
-196 -280 0
-190 -281 0
-191 -282 0
-192 -283 0
-193 -284 0
-194 -285 0
-195 -286 0
-196 -287 0
-190 -288 0
-191 -289 0
-192 -290 0
-193 -291 0
-194 -292 0
-195 -293 0
-196 -294 0
-190 -295 0
-191 -296 0
-192 -297 0
-193 -298 0
-194 -299 0
-195 -300 0
-196 -301 0
-190 -309 0
-191 -310 0
-192 -311 0
-193 -312 0
-194 -313 0
-195 -314 0
-196 -315 0
-190 -316 0
-191 -317 0
-192 -318 0
-193 -319 0
-194 -320 0
-195 -321 0
-196 -322 0
-190 -323 0
-191 -324 0
-192 -325 0
-193 -326 0
-194 -327 0
-195 -328 0
-196 -329 0
-190 -330 0
-191 -331 0
-192 -332 0
-193 -333 0
-194 -334 0
-195 -335 0
-196 -336 0
-190 -337 0
-191 -338 0
-192 -339 0
-193 -340 0
-194 -341 0
-195 -342 0
-196 -343 0
-197 -211 0
-198 -212 0
-199 -213 0
-200 -214 0
-201 -215 0
-202 -216 0
-203 -217 0
-197 -225 0
-198 -226 0
-199 -227 0
-200 -228 0
-201 -229 0
-202 -230 0
-203 -231 0
-197 -232 0
-198 -233 0
-199 -234 0
-200 -235 0
-201 -236 0
-202 -237 0
-203 -238 0
-197 -239 0
-198 -240 0
-199 -241 0
-200 -242 0
-201 -243 0
-202 -244 0
-203 -245 0
-197 -246 0
-198 -247 0
-199 -248 0
-200 -249 0
-201 -250 0
-202 -251 0
-203 -252 0
-197 -260 0
-198 -261 0
-199 -262 0
-200 -263 0
-201 -264 0
-202 -265 0
-203 -266 0
-197 -267 0
-198 -268 0
-199 -269 0
-200 -270 0
-201 -271 0
-202 -272 0
-203 -273 0
-197 -274 0
-198 -275 0
-199 -276 0
-200 -277 0
-201 -278 0
-202 -279 0
-203 -280 0
-197 -288 0
-198 -289 0
-199 -290 0
-200 -291 0
-201 -292 0
-202 -293 0
-203 -294 0
-197 -295 0
-198 -296 0
-199 -297 0
-200 -298 0
-201 -299 0
-202 -300 0
-203 -301 0
-197 -309 0
-198 -310 0
-199 -311 0
-200 -312 0
-201 -313 0
-202 -314 0
-203 -315 0
-197 -316 0
-198 -317 0
-199 -318 0
-200 -319 0
-201 -320 0
-202 -321 0
-203 -322 0
-197 -323 0
-198 -324 0
-199 -325 0
-200 -326 0
-201 -327 0
-202 -328 0
-203 -329 0
-197 -337 0
-198 -338 0
-199 -339 0
-200 -340 0
-201 -341 0
-202 -342 0
-203 -343 0
-204 -211 0
-205 -212 0
-206 -213 0
-207 -214 0
-208 -215 0
-209 -216 0
-210 -217 0
-204 -218 0
-205 -219 0
-206 -220 0
-207 -221 0
-208 -222 0
-209 -223 0
-210 -224 0
-204 -232 0
-205 -233 0
-206 -234 0
-207 -235 0
-208 -236 0
-209 -237 0
-210 -238 0
-204 -239 0
-205 -240 0
-206 -241 0
-207 -242 0
-208 -243 0
-209 -244 0
-210 -245 0
-204 -246 0
-205 -247 0
-206 -248 0
-207 -249 0
-208 -250 0
-209 -251 0
-210 -252 0
-204 -253 0
-205 -254 0
-206 -255 0
-207 -256 0
-208 -257 0
-209 -258 0
-210 -259 0
-204 -260 0
-205 -261 0
-206 -262 0
-207 -263 0
-208 -264 0
-209 -265 0
-210 -266 0
-204 -274 0
-205 -275 0
-206 -276 0
-207 -277 0
-208 -278 0
-209 -279 0
-210 -280 0
-204 -281 0
-205 -282 0
-206 -283 0
-207 -284 0
-208 -285 0
-209 -286 0
-210 -287 0
-204 -288 0
-205 -289 0
-206 -290 0
-207 -291 0
-208 -292 0
-209 -293 0
-210 -294 0
-204 -295 0
-205 -296 0
-206 -297 0
-207 -298 0
-208 -299 0
-209 -300 0
-210 -301 0
-204 -302 0
-205 -303 0
-206 -304 0
-207 -305 0
-208 -306 0
-209 -307 0
-210 -308 0
-204 -316 0
-205 -317 0
-206 -318 0
-207 -319 0
-208 -320 0
-209 -321 0
-210 -322 0
-204 -323 0
-205 -324 0
-206 -325 0
-207 -326 0
-208 -327 0
-209 -328 0
-210 -329 0
-204 -330 0
-205 -331 0
-206 -332 0
-207 -333 0
-208 -334 0
-209 -335 0
-210 -336 0
-204 -337 0
-205 -338 0
-206 -339 0
-207 -340 0
-208 -341 0
-209 -342 0
-210 -343 0
-204 -344 0
-205 -345 0
-206 -346 0
-207 -347 0
-208 -348 0
-209 -349 0
-210 -350 0
-211 -218 0
-212 -219 0
-213 -220 0
-214 -221 0
-215 -222 0
-216 -223 0
-217 -224 0
-211 -225 0
-212 -226 0
-213 -227 0
-214 -228 0
-215 -229 0
-216 -230 0
-217 -231 0
-211 -246 0
-212 -247 0
-213 -248 0
-214 -249 0
-215 -250 0
-216 -251 0
-217 -252 0
-211 -253 0
-212 -254 0
-213 -255 0
-214 -256 0
-215 -257 0
-216 -258 0
-217 -259 0
-211 -260 0
-212 -261 0
-213 -262 0
-214 -263 0
-215 -264 0
-216 -265 0
-217 -266 0
-211 -267 0
-212 -268 0
-213 -269 0
-214 -270 0
-215 -271 0
-216 -272 0
-217 -273 0
-211 -281 0
-212 -282 0
-213 -283 0
-214 -284 0
-215 -285 0
-216 -286 0
-217 -287 0
-211 -288 0
-212 -289 0
-213 -290 0
-214 -291 0
-215 -292 0
-216 -293 0
-217 -294 0
-211 -295 0
-212 -296 0
-213 -297 0
-214 -298 0
-215 -299 0
-216 -300 0
-217 -301 0
-211 -309 0
-212 -310 0
-213 -311 0
-214 -312 0
-215 -313 0
-216 -314 0
-217 -315 0
-211 -316 0
-212 -317 0
-213 -318 0
-214 -319 0
-215 -320 0
-216 -321 0
-217 -322 0
-211 -323 0
-212 -324 0
-213 -325 0
-214 -326 0
-215 -327 0
-216 -328 0
-217 -329 0
-211 -330 0
-212 -331 0
-213 -332 0
-214 -333 0
-215 -334 0
-216 -335 0
-217 -336 0
-211 -344 0
-212 -345 0
-213 -346 0
-214 -347 0
-215 -348 0
-216 -349 0
-217 -350 0
-218 -225 0
-219 -226 0
-220 -227 0
-221 -228 0
-222 -229 0
-223 -230 0
-224 -231 0
-218 -232 0
-219 -233 0
-220 -234 0
-221 -235 0
-222 -236 0
-223 -237 0
-224 -238 0
-218 -239 0
-219 -240 0
-220 -241 0
-221 -242 0
-222 -243 0
-223 -244 0
-224 -245 0
-218 -253 0
-219 -254 0
-220 -255 0
-221 -256 0
-222 -257 0
-223 -258 0
-224 -259 0
-218 -260 0
-219 -261 0
-220 -262 0
-221 -263 0
-222 -264 0
-223 -265 0
-224 -266 0
-218 -274 0
-219 -275 0
-220 -276 0
-221 -277 0
-222 -278 0
-223 -279 0
-224 -280 0
-218 -281 0
-219 -282 0
-220 -283 0
-221 -284 0
-222 -285 0
-223 -286 0
-224 -287 0
-218 -288 0
-219 -289 0
-220 -290 0
-221 -291 0
-222 -292 0
-223 -293 0
-224 -294 0
-218 -302 0
-219 -303 0
-220 -304 0
-221 -305 0
-222 -306 0
-223 -307 0
-224 -308 0
-218 -309 0
-219 -310 0
-220 -311 0
-221 -312 0
-222 -313 0
-223 -314 0
-224 -315 0
-218 -316 0
-219 -317 0
-220 -318 0
-221 -319 0
-222 -320 0
-223 -321 0
-224 -322 0
-218 -323 0
-219 -324 0
-220 -325 0
-221 -326 0
-222 -327 0
-223 -328 0
-224 -329 0
-218 -330 0
-219 -331 0
-220 -332 0
-221 -333 0
-222 -334 0
-223 -335 0
-224 -336 0
-218 -344 0
-219 -345 0
-220 -346 0
-221 -347 0
-222 -348 0
-223 -349 0
-224 -350 0
-225 -246 0
-226 -247 0
-227 -248 0
-228 -249 0
-229 -250 0
-230 -251 0
-231 -252 0
-225 -260 0
-226 -261 0
-227 -262 0
-228 -263 0
-229 -264 0
-230 -265 0
-231 -266 0
-225 -267 0
-226 -268 0
-227 -269 0
-228 -270 0
-229 -271 0
-230 -272 0
-231 -273 0
-225 -281 0
-226 -282 0
-227 -283 0
-228 -284 0
-229 -285 0
-230 -286 0
-231 -287 0
-225 -288 0
-226 -289 0
-227 -290 0
-228 -291 0
-229 -292 0
-230 -293 0
-231 -294 0
-225 -295 0
-226 -296 0
-227 -297 0
-228 -298 0
-229 -299 0
-230 -300 0
-231 -301 0
-225 -302 0
-226 -303 0
-227 -304 0
-228 -305 0
-229 -306 0
-230 -307 0
-231 -308 0
-225 -309 0
-226 -310 0
-227 -311 0
-228 -312 0
-229 -313 0
-230 -314 0
-231 -315 0
-225 -316 0
-226 -317 0
-227 -318 0
-228 -319 0
-229 -320 0
-230 -321 0
-231 -322 0
-225 -323 0
-226 -324 0
-227 -325 0
-228 -326 0
-229 -327 0
-230 -328 0
-231 -329 0
-225 -337 0
-226 -338 0
-227 -339 0
-228 -340 0
-229 -341 0
-230 -342 0
-231 -343 0
-225 -344 0
-226 -345 0
-227 -346 0
-228 -347 0
-229 -348 0
-230 -349 0
-231 -350 0
-232 -239 0
-233 -240 0
-234 -241 0
-235 -242 0
-236 -243 0
-237 -244 0
-238 -245 0
-232 -246 0
-233 -247 0
-234 -248 0
-235 -249 0
-236 -250 0
-237 -251 0
-238 -252 0
-232 -253 0
-233 -254 0
-234 -255 0
-235 -256 0
-236 -257 0
-237 -258 0
-238 -259 0
-232 -260 0
-233 -261 0
-234 -262 0
-235 -263 0
-236 -264 0
-237 -265 0
-238 -266 0
-232 -267 0
-233 -268 0
-234 -269 0
-235 -270 0
-236 -271 0
-237 -272 0
-238 -273 0
-232 -274 0
-233 -275 0
-234 -276 0
-235 -277 0
-236 -278 0
-237 -279 0
-238 -280 0
-232 -281 0
-233 -282 0
-234 -283 0
-235 -284 0
-236 -285 0
-237 -286 0
-238 -287 0
-232 -295 0
-233 -296 0
-234 -297 0
-235 -298 0
-236 -299 0
-237 -300 0
-238 -301 0
-232 -316 0
-233 -317 0
-234 -318 0
-235 -319 0
-236 -320 0
-237 -321 0
-238 -322 0
-232 -323 0
-233 -324 0
-234 -325 0
-235 -326 0
-236 -327 0
-237 -328 0
-238 -329 0
-232 -330 0
-233 -331 0
-234 -332 0
-235 -333 0
-236 -334 0
-237 -335 0
-238 -336 0
-232 -337 0
-233 -338 0
-234 -339 0
-235 -340 0
-236 -341 0
-237 -342 0
-238 -343 0
-232 -344 0
-233 -345 0
-234 -346 0
-235 -347 0
-236 -348 0
-237 -349 0
-238 -350 0
-239 -246 0
-240 -247 0
-241 -248 0
-242 -249 0
-243 -250 0
-244 -251 0
-245 -252 0
-239 -253 0
-240 -254 0
-241 -255 0
-242 -256 0
-243 -257 0
-244 -258 0
-245 -259 0
-239 -267 0
-240 -268 0
-241 -269 0
-242 -270 0
-243 -271 0
-244 -272 0
-245 -273 0
-239 -274 0
-240 -275 0
-241 -276 0
-242 -277 0
-243 -278 0
-244 -279 0
-245 -280 0
-239 -281 0
-240 -282 0
-241 -283 0
-242 -284 0
-243 -285 0
-244 -286 0
-245 -287 0
-239 -288 0
-240 -289 0
-241 -290 0
-242 -291 0
-243 -292 0
-244 -293 0
-245 -294 0
-239 -295 0
-240 -296 0
-241 -297 0
-242 -298 0
-243 -299 0
-244 -300 0
-245 -301 0
-239 -302 0
-240 -303 0
-241 -304 0
-242 -305 0
-243 -306 0
-244 -307 0
-245 -308 0
-239 -309 0
-240 -310 0
-241 -311 0
-242 -312 0
-243 -313 0
-244 -314 0
-245 -315 0
-239 -316 0
-240 -317 0
-241 -318 0
-242 -319 0
-243 -320 0
-244 -321 0
-245 -322 0
-239 -323 0
-240 -324 0
-241 -325 0
-242 -326 0
-243 -327 0
-244 -328 0
-245 -329 0
-239 -330 0
-240 -331 0
-241 -332 0
-242 -333 0
-243 -334 0
-244 -335 0
-245 -336 0
-239 -344 0
-240 -345 0
-241 -346 0
-242 -347 0
-243 -348 0
-244 -349 0
-245 -350 0
-246 -253 0
-247 -254 0
-248 -255 0
-249 -256 0
-250 -257 0
-251 -258 0
-252 -259 0
-246 -267 0
-247 -268 0
-248 -269 0
-249 -270 0
-250 -271 0
-251 -272 0
-252 -273 0
-246 -274 0
-247 -275 0
-248 -276 0
-249 -277 0
-250 -278 0
-251 -279 0
-252 -280 0
-246 -281 0
-247 -282 0
-248 -283 0
-249 -284 0
-250 -285 0
-251 -286 0
-252 -287 0
-246 -288 0
-247 -289 0
-248 -290 0
-249 -291 0
-250 -292 0
-251 -293 0
-252 -294 0
-246 -302 0
-247 -303 0
-248 -304 0
-249 -305 0
-250 -306 0
-251 -307 0
-252 -308 0
-246 -309 0
-247 -310 0
-248 -311 0
-249 -312 0
-250 -313 0
-251 -314 0
-252 -315 0
-246 -323 0
-247 -324 0
-248 -325 0
-249 -326 0
-250 -327 0
-251 -328 0
-252 -329 0
-246 -330 0
-247 -331 0
-248 -332 0
-249 -333 0
-250 -334 0
-251 -335 0
-252 -336 0
-246 -337 0
-247 -338 0
-248 -339 0
-249 -340 0
-250 -341 0
-251 -342 0
-252 -343 0
-253 -260 0
-254 -261 0
-255 -262 0
-256 -263 0
-257 -264 0
-258 -265 0
-259 -266 0
-253 -267 0
-254 -268 0
-255 -269 0
-256 -270 0
-257 -271 0
-258 -272 0
-259 -273 0
-253 -281 0
-254 -282 0
-255 -283 0
-256 -284 0
-257 -285 0
-258 -286 0
-259 -287 0
-253 -288 0
-254 -289 0
-255 -290 0
-256 -291 0
-257 -292 0
-258 -293 0
-259 -294 0
-253 -295 0
-254 -296 0
-255 -297 0
-256 -298 0
-257 -299 0
-258 -300 0
-259 -301 0
-253 -316 0
-254 -317 0
-255 -318 0
-256 -319 0
-257 -320 0
-258 -321 0
-259 -322 0
-253 -323 0
-254 -324 0
-255 -325 0
-256 -326 0
-257 -327 0
-258 -328 0
-259 -329 0
-253 -330 0
-254 -331 0
-255 -332 0
-256 -333 0
-257 -334 0
-258 -335 0
-259 -336 0
-253 -337 0
-254 -338 0
-255 -339 0
-256 -340 0
-257 -341 0
-258 -342 0
-259 -343 0
-253 -344 0
-254 -345 0
-255 -346 0
-256 -347 0
-257 -348 0
-258 -349 0
-259 -350 0
-260 -267 0
-261 -268 0
-262 -269 0
-263 -270 0
-264 -271 0
-265 -272 0
-266 -273 0
-260 -281 0
-261 -282 0
-262 -283 0
-263 -284 0
-264 -285 0
-265 -286 0
-266 -287 0
-260 -288 0
-261 -289 0
-262 -290 0
-263 -291 0
-264 -292 0
-265 -293 0
-266 -294 0
-260 -295 0
-261 -296 0
-262 -297 0
-263 -298 0
-264 -299 0
-265 -300 0
-266 -301 0
-260 -309 0
-261 -310 0
-262 -311 0
-263 -312 0
-264 -313 0
-265 -314 0
-266 -315 0
-260 -316 0
-261 -317 0
-262 -318 0
-263 -319 0
-264 -320 0
-265 -321 0
-266 -322 0
-260 -323 0
-261 -324 0
-262 -325 0
-263 -326 0
-264 -327 0
-265 -328 0
-266 -329 0
-260 -330 0
-261 -331 0
-262 -332 0
-263 -333 0
-264 -334 0
-265 -335 0
-266 -336 0
-260 -337 0
-261 -338 0
-262 -339 0
-263 -340 0
-264 -341 0
-265 -342 0
-266 -343 0
-260 -344 0
-261 -345 0
-262 -346 0
-263 -347 0
-264 -348 0
-265 -349 0
-266 -350 0
-267 -274 0
-268 -275 0
-269 -276 0
-270 -277 0
-271 -278 0
-272 -279 0
-273 -280 0
-267 -281 0
-268 -282 0
-269 -283 0
-270 -284 0
-271 -285 0
-272 -286 0
-273 -287 0
-267 -288 0
-268 -289 0
-269 -290 0
-270 -291 0
-271 -292 0
-272 -293 0
-273 -294 0
-267 -302 0
-268 -303 0
-269 -304 0
-270 -305 0
-271 -306 0
-272 -307 0
-273 -308 0
-267 -309 0
-268 -310 0
-269 -311 0
-270 -312 0
-271 -313 0
-272 -314 0
-273 -315 0
-267 -316 0
-268 -317 0
-269 -318 0
-270 -319 0
-271 -320 0
-272 -321 0
-273 -322 0
-267 -323 0
-268 -324 0
-269 -325 0
-270 -326 0
-271 -327 0
-272 -328 0
-273 -329 0
-267 -330 0
-268 -331 0
-269 -332 0
-270 -333 0
-271 -334 0
-272 -335 0
-273 -336 0
-267 -337 0
-268 -338 0
-269 -339 0
-270 -340 0
-271 -341 0
-272 -342 0
-273 -343 0
-267 -344 0
-268 -345 0
-269 -346 0
-270 -347 0
-271 -348 0
-272 -349 0
-273 -350 0
-274 -288 0
-275 -289 0
-276 -290 0
-277 -291 0
-278 -292 0
-279 -293 0
-280 -294 0
-274 -295 0
-275 -296 0
-276 -297 0
-277 -298 0
-278 -299 0
-279 -300 0
-280 -301 0
-274 -302 0
-275 -303 0
-276 -304 0
-277 -305 0
-278 -306 0
-279 -307 0
-280 -308 0
-274 -309 0
-275 -310 0
-276 -311 0
-277 -312 0
-278 -313 0
-279 -314 0
-280 -315 0
-274 -316 0
-275 -317 0
-276 -318 0
-277 -319 0
-278 -320 0
-279 -321 0
-280 -322 0
-274 -323 0
-275 -324 0
-276 -325 0
-277 -326 0
-278 -327 0
-279 -328 0
-280 -329 0
-274 -330 0
-275 -331 0
-276 -332 0
-277 -333 0
-278 -334 0
-279 -335 0
-280 -336 0
-274 -337 0
-275 -338 0
-276 -339 0
-277 -340 0
-278 -341 0
-279 -342 0
-280 -343 0
-274 -344 0
-275 -345 0
-276 -346 0
-277 -347 0
-278 -348 0
-279 -349 0
-280 -350 0
-281 -288 0
-282 -289 0
-283 -290 0
-284 -291 0
-285 -292 0
-286 -293 0
-287 -294 0
-281 -302 0
-282 -303 0
-283 -304 0
-284 -305 0
-285 -306 0
-286 -307 0
-287 -308 0
-281 -309 0
-282 -310 0
-283 -311 0
-284 -312 0
-285 -313 0
-286 -314 0
-287 -315 0
-281 -323 0
-282 -324 0
-283 -325 0
-284 -326 0
-285 -327 0
-286 -328 0
-287 -329 0
-281 -330 0
-282 -331 0
-283 -332 0
-284 -333 0
-285 -334 0
-286 -335 0
-287 -336 0
-281 -337 0
-282 -338 0
-283 -339 0
-284 -340 0
-285 -341 0
-286 -342 0
-287 -343 0
-288 -295 0
-289 -296 0
-290 -297 0
-291 -298 0
-292 -299 0
-293 -300 0
-294 -301 0
-288 -302 0
-289 -303 0
-290 -304 0
-291 -305 0
-292 -306 0
-293 -307 0
-294 -308 0
-288 -309 0
-289 -310 0
-290 -311 0
-291 -312 0
-292 -313 0
-293 -314 0
-294 -315 0
-288 -316 0
-289 -317 0
-290 -318 0
-291 -319 0
-292 -320 0
-293 -321 0
-294 -322 0
-288 -337 0
-289 -338 0
-290 -339 0
-291 -340 0
-292 -341 0
-293 -342 0
-294 -343 0
-288 -344 0
-289 -345 0
-290 -346 0
-291 -347 0
-292 -348 0
-293 -349 0
-294 -350 0
-295 -302 0
-296 -303 0
-297 -304 0
-298 -305 0
-299 -306 0
-300 -307 0
-301 -308 0
-295 -309 0
-296 -310 0
-297 -311 0
-298 -312 0
-299 -313 0
-300 -314 0
-301 -315 0
-295 -316 0
-296 -317 0
-297 -318 0
-298 -319 0
-299 -320 0
-300 -321 0
-301 -322 0
-295 -323 0
-296 -324 0
-297 -325 0
-298 -326 0
-299 -327 0
-300 -328 0
-301 -329 0
-295 -330 0
-296 -331 0
-297 -332 0
-298 -333 0
-299 -334 0
-300 -335 0
-301 -336 0
-295 -344 0
-296 -345 0
-297 -346 0
-298 -347 0
-299 -348 0
-300 -349 0
-301 -350 0
-302 -309 0
-303 -310 0
-304 -311 0
-305 -312 0
-306 -313 0
-307 -314 0
-308 -315 0
-302 -316 0
-303 -317 0
-304 -318 0
-305 -319 0
-306 -320 0
-307 -321 0
-308 -322 0
-302 -337 0
-303 -338 0
-304 -339 0
-305 -340 0
-306 -341 0
-307 -342 0
-308 -343 0
-302 -344 0
-303 -345 0
-304 -346 0
-305 -347 0
-306 -348 0
-307 -349 0
-308 -350 0
-309 -337 0
-310 -338 0
-311 -339 0
-312 -340 0
-313 -341 0
-314 -342 0
-315 -343 0
-309 -344 0
-310 -345 0
-311 -346 0
-312 -347 0
-313 -348 0
-314 -349 0
-315 -350 0
-316 -323 0
-317 -324 0
-318 -325 0
-319 -326 0
-320 -327 0
-321 -328 0
-322 -329 0
-316 -330 0
-317 -331 0
-318 -332 0
-319 -333 0
-320 -334 0
-321 -335 0
-322 -336 0
-316 -337 0
-317 -338 0
-318 -339 0
-319 -340 0
-320 -341 0
-321 -342 0
-322 -343 0
-316 -344 0
-317 -345 0
-318 -346 0
-319 -347 0
-320 -348 0
-321 -349 0
-322 -350 0
-323 -330 0
-324 -331 0
-325 -332 0
-326 -333 0
-327 -334 0
-328 -335 0
-329 -336 0
-323 -337 0
-324 -338 0
-325 -339 0
-326 -340 0
-327 -341 0
-328 -342 0
-329 -343 0
-323 -344 0
-324 -345 0
-325 -346 0
-326 -347 0
-327 -348 0
-328 -349 0
-329 -350 0
-330 -337 0
-331 -338 0
-332 -339 0
-333 -340 0
-334 -341 0
-335 -342 0
-336 -343 0
-330 -344 0
-331 -345 0
-332 -346 0
-333 -347 0
-334 -348 0
-335 -349 0
-336 -350 0
-337 -344 0
-338 -345 0
-339 -346 0
-340 -347 0
-341 -348 0
-342 -349 0
-343 -350 0
