p cnf 400 7346
1 2 3 4 5 6 7 8 0
9 10 11 12 13 14 15 16 0
17 18 19 20 21 22 23 24 0
25 26 27 28 29 30 31 32 0
33 34 35 36 37 38 39 40 0
41 42 43 44 45 46 47 48 0
49 50 51 52 53 54 55 56 0
57 58 59 60 61 62 63 64 0
65 66 67 68 69 70 71 72 0
73 74 75 76 77 78 79 80 0
81 82 83 84 85 86 87 88 0
89 90 91 92 93 94 95 96 0
97 98 99 100 101 102 103 104 0
105 106 107 108 109 110 111 112 0
113 114 115 116 117 118 119 120 0
121 122 123 124 125 126 127 128 0
129 130 131 132 133 134 135 136 0
137 138 139 140 141 142 143 144 0
145 146 147 148 149 150 151 152 0
153 154 155 156 157 158 159 160 0
161 162 163 164 165 166 167 168 0
169 170 171 172 173 174 175 176 0
177 178 179 180 181 182 183 184 0
185 186 187 188 189 190 191 192 0
193 194 195 196 197 198 199 200 0
201 202 203 204 205 206 207 208 0
209 210 211 212 213 214 215 216 0
217 218 219 220 221 222 223 224 0
225 226 227 228 229 230 231 232 0
233 234 235 236 237 238 239 240 0
241 242 243 244 245 246 247 248 0
249 250 251 252 253 254 255 256 0
257 258 259 260 261 262 263 264 0
265 266 267 268 269 270 271 272 0
273 274 275 276 277 278 279 280 0
281 282 283 284 285 286 287 288 0
289 290 291 292 293 294 295 296 0
297 298 299 300 301 302 303 304 0
305 306 307 308 309 310 311 312 0
313 314 315 316 317 318 319 320 0
321 322 323 324 325 326 327 328 0
329 330 331 332 333 334 335 336 0
337 338 339 340 341 342 343 344 0
345 346 347 348 349 350 351 352 0
353 354 355 356 357 358 359 360 0
361 362 363 364 365 366 367 368 0
369 370 371 372 373 374 375 376 0
377 378 379 380 381 382 383 384 0
385 386 387 388 389 390 391 392 0
393 394 395 396 397 398 399 400 0
-1 -9 0
-2 -10 0
-3 -11 0
-4 -12 0
-5 -13 0
-6 -14 0
-7 -15 0
-8 -16 0
-1 -17 0
-2 -18 0
-3 -19 0
-4 -20 0
-5 -21 0
-6 -22 0
-7 -23 0
-8 -24 0
-1 -25 0
-2 -26 0
-3 -27 0
-4 -28 0
-5 -29 0
-6 -30 0
-7 -31 0
-8 -32 0
-1 -33 0
-2 -34 0
-3 -35 0
-4 -36 0
-5 -37 0
-6 -38 0
-7 -39 0
-8 -40 0
-1 -73 0
-2 -74 0
-3 -75 0
-4 -76 0
-5 -77 0
-6 -78 0
-7 -79 0
-8 -80 0
-1 -81 0
-2 -82 0
-3 -83 0
-4 -84 0
-5 -85 0
-6 -86 0
-7 -87 0
-8 -88 0
-1 -89 0
-2 -90 0
-3 -91 0
-4 -92 0
-5 -93 0
-6 -94 0
-7 -95 0
-8 -96 0
-1 -105 0
-2 -106 0
-3 -107 0
-4 -108 0
-5 -109 0
-6 -110 0
-7 -111 0
-8 -112 0
-1 -113 0
-2 -114 0
-3 -115 0
-4 -116 0
-5 -117 0
-6 -118 0
-7 -119 0
-8 -120 0
-1 -121 0
-2 -122 0
-3 -123 0
-4 -124 0
-5 -125 0
-6 -126 0
-7 -127 0
-8 -128 0
-1 -129 0
-2 -130 0
-3 -131 0
-4 -132 0
-5 -133 0
-6 -134 0
-7 -135 0
-8 -136 0
-1 -137 0
-2 -138 0
-3 -139 0
-4 -140 0
-5 -141 0
-6 -142 0
-7 -143 0
-8 -144 0
-1 -145 0
-2 -146 0
-3 -147 0
-4 -148 0
-5 -149 0
-6 -150 0
-7 -151 0
-8 -152 0
-1 -153 0
-2 -154 0
-3 -155 0
-4 -156 0
-5 -157 0
-6 -158 0
-7 -159 0
-8 -160 0
-1 -161 0
-2 -162 0
-3 -163 0
-4 -164 0
-5 -165 0
-6 -166 0
-7 -167 0
-8 -168 0
-1 -169 0
-2 -170 0
-3 -171 0
-4 -172 0
-5 -173 0
-6 -174 0
-7 -175 0
-8 -176 0
-1 -177 0
-2 -178 0
-3 -179 0
-4 -180 0
-5 -181 0
-6 -182 0
-7 -183 0
-8 -184 0
-1 -201 0
-2 -202 0
-3 -203 0
-4 -204 0
-5 -205 0
-6 -206 0
-7 -207 0
-8 -208 0
-1 -225 0
-2 -226 0
-3 -227 0
-4 -228 0
-5 -229 0
-6 -230 0
-7 -231 0
-8 -232 0
-1 -233 0
-2 -234 0
-3 -235 0
-4 -236 0
-5 -237 0
-6 -238 0
-7 -239 0
-8 -240 0
-1 -241 0
-2 -242 0
-3 -243 0
-4 -244 0
-5 -245 0
-6 -246 0
-7 -247 0
-8 -248 0
-1 -257 0
-2 -258 0
-3 -259 0
-4 -260 0
-5 -261 0
-6 -262 0
-7 -263 0
-8 -264 0
-1 -265 0
-2 -266 0
-3 -267 0
-4 -268 0
-5 -269 0
-6 -270 0
-7 -271 0
-8 -272 0
-1 -281 0
-2 -282 0
-3 -283 0
-4 -284 0
-5 -285 0
-6 -286 0
-7 -287 0
-8 -288 0
-1 -289 0
-2 -290 0
-3 -291 0
-4 -292 0
-5 -293 0
-6 -294 0
-7 -295 0
-8 -296 0
-1 -297 0
-2 -298 0
-3 -299 0
-4 -300 0
-5 -301 0
-6 -302 0
-7 -303 0
-8 -304 0
-1 -305 0
-2 -306 0
-3 -307 0
-4 -308 0
-5 -309 0
-6 -310 0
-7 -311 0
-8 -312 0
-1 -313 0
-2 -314 0
-3 -315 0
-4 -316 0
-5 -317 0
-6 -318 0
-7 -319 0
-8 -320 0
-1 -321 0
-2 -322 0
-3 -323 0
-4 -324 0
-5 -325 0
-6 -326 0
-7 -327 0
-8 -328 0
-1 -329 0
-2 -330 0
-3 -331 0
-4 -332 0
-5 -333 0
-6 -334 0
-7 -335 0
-8 -336 0
-1 -337 0
-2 -338 0
-3 -339 0
-4 -340 0
-5 -341 0
-6 -342 0
-7 -343 0
-8 -344 0
-1 -353 0
-2 -354 0
-3 -355 0
-4 -356 0
-5 -357 0
-6 -358 0
-7 -359 0
-8 -360 0
-1 -361 0
-2 -362 0
-3 -363 0
-4 -364 0
-5 -365 0
-6 -366 0
-7 -367 0
-8 -368 0
-1 -369 0
-2 -370 0
-3 -371 0
-4 -372 0
-5 -373 0
-6 -374 0
-7 -375 0
-8 -376 0
-1 -377 0
-2 -378 0
-3 -379 0
-4 -380 0
-5 -381 0
-6 -382 0
-7 -383 0
-8 -384 0
-1 -385 0
-2 -386 0
-3 -387 0
-4 -388 0
-5 -389 0
-6 -390 0
-7 -391 0
-8 -392 0
-1 -393 0
-2 -394 0
-3 -395 0
-4 -396 0
-5 -397 0
-6 -398 0
-7 -399 0
-8 -400 0
-9 -17 0
-10 -18 0
-11 -19 0
-12 -20 0
-13 -21 0
-14 -22 0
-15 -23 0
-16 -24 0
-9 -25 0
-10 -26 0
-11 -27 0
-12 -28 0
-13 -29 0
-14 -30 0
-15 -31 0
-16 -32 0
-9 -41 0
-10 -42 0
-11 -43 0
-12 -44 0
-13 -45 0
-14 -46 0
-15 -47 0
-16 -48 0
-9 -57 0
-10 -58 0
-11 -59 0
-12 -60 0
-13 -61 0
-14 -62 0
-15 -63 0
-16 -64 0
-9 -73 0
-10 -74 0
-11 -75 0
-12 -76 0
-13 -77 0
-14 -78 0
-15 -79 0
-16 -80 0
-9 -81 0
-10 -82 0
-11 -83 0
-12 -84 0
-13 -85 0
-14 -86 0
-15 -87 0
-16 -88 0
-9 -89 0
-10 -90 0
-11 -91 0
-12 -92 0
-13 -93 0
-14 -94 0
-15 -95 0
-16 -96 0
-9 -113 0
-10 -114 0
-11 -115 0
-12 -116 0
-13 -117 0
-14 -118 0
-15 -119 0
-16 -120 0
-9 -121 0
-10 -122 0
-11 -123 0
-12 -124 0
-13 -125 0
-14 -126 0
-15 -127 0
-16 -128 0
-9 -129 0
-10 -130 0
-11 -131 0
-12 -132 0
-13 -133 0
-14 -134 0
-15 -135 0
-16 -136 0
-9 -145 0
-10 -146 0
-11 -147 0
-12 -148 0
-13 -149 0
-14 -150 0
-15 -151 0
-16 -152 0
-9 -153 0
-10 -154 0
-11 -155 0
-12 -156 0
-13 -157 0
-14 -158 0
-15 -159 0
-16 -160 0
-9 -161 0
-10 -162 0
-11 -163 0
-12 -164 0
-13 -165 0
-14 -166 0
-15 -167 0
-16 -168 0
-9 -169 0
-10 -170 0
-11 -171 0
-12 -172 0
-13 -173 0
-14 -174 0
-15 -175 0
-16 -176 0
-9 -185 0
-10 -186 0
-11 -187 0
-12 -188 0
-13 -189 0
-14 -190 0
-15 -191 0
-16 -192 0
-9 -193 0
-10 -194 0
-11 -195 0
-12 -196 0
-13 -197 0
-14 -198 0
-15 -199 0
-16 -200 0
-9 -201 0
-10 -202 0
-11 -203 0
-12 -204 0
-13 -205 0
-14 -206 0
-15 -207 0
-16 -208 0
-9 -209 0
-10 -210 0
-11 -211 0
-12 -212 0
-13 -213 0
-14 -214 0
-15 -215 0
-16 -216 0
-9 -217 0
-10 -218 0
-11 -219 0
-12 -220 0
-13 -221 0
-14 -222 0
-15 -223 0
-16 -224 0
-9 -225 0
-10 -226 0
-11 -227 0
-12 -228 0
-13 -229 0
-14 -230 0
-15 -231 0
-16 -232 0
-9 -233 0
-10 -234 0
-11 -235 0
-12 -236 0
-13 -237 0
-14 -238 0
-15 -239 0
-16 -240 0
-9 -241 0
-10 -242 0
-11 -243 0
-12 -244 0
-13 -245 0
-14 -246 0
-15 -247 0
-16 -248 0
-9 -257 0
-10 -258 0
-11 -259 0
-12 -260 0
-13 -261 0
-14 -262 0
-15 -263 0
-16 -264 0
-9 -265 0
-10 -266 0
-11 -267 0
-12 -268 0
-13 -269 0
-14 -270 0
-15 -271 0
-16 -272 0
-9 -281 0
-10 -282 0
-11 -283 0
-12 -284 0
-13 -285 0
-14 -286 0
-15 -287 0
-16 -288 0
-9 -289 0
-10 -290 0
-11 -291 0
-12 -292 0
-13 -293 0
-14 -294 0
-15 -295 0
-16 -296 0
-9 -297 0
-10 -298 0
-11 -299 0
-12 -300 0
-13 -301 0
-14 -302 0
-15 -303 0
-16 -304 0
-9 -321 0
-10 -322 0
-11 -323 0
-12 -324 0
-13 -325 0
-14 -326 0
-15 -327 0
-16 -328 0
-9 -329 0
-10 -330 0
-11 -331 0
-12 -332 0
-13 -333 0
-14 -334 0
-15 -335 0
-16 -336 0
-9 -337 0
-10 -338 0
-11 -339 0
-12 -340 0
-13 -341 0
-14 -342 0
-15 -343 0
-16 -344 0
-9 -345 0
-10 -346 0
-11 -347 0
-12 -348 0
-13 -349 0
-14 -350 0
-15 -351 0
-16 -352 0
-9 -361 0
-10 -362 0
-11 -363 0
-12 -364 0
-13 -365 0
-14 -366 0
-15 -367 0
-16 -368 0
-9 -369 0
-10 -370 0
-11 -371 0
-12 -372 0
-13 -373 0
-14 -374 0
-15 -375 0
-16 -376 0
-9 -377 0
-10 -378 0
-11 -379 0
-12 -380 0
-13 -381 0
-14 -382 0
-15 -383 0
-16 -384 0
-9 -385 0
-10 -386 0
-11 -387 0
-12 -388 0
-13 -389 0
-14 -390 0
-15 -391 0
-16 -392 0
-17 -25 0
-18 -26 0
-19 -27 0
-20 -28 0
-21 -29 0
-22 -30 0
-23 -31 0
-24 -32 0
-17 -33 0
-18 -34 0
-19 -35 0
-20 -36 0
-21 -37 0
-22 -38 0
-23 -39 0
-24 -40 0
-17 -41 0
-18 -42 0
-19 -43 0
-20 -44 0
-21 -45 0
-22 -46 0
-23 -47 0
-24 -48 0
-17 -49 0
-18 -50 0
-19 -51 0
-20 -52 0
-21 -53 0
-22 -54 0
-23 -55 0
-24 -56 0
-17 -57 0
-18 -58 0
-19 -59 0
-20 -60 0
-21 -61 0
-22 -62 0
-23 -63 0
-24 -64 0
-17 -65 0
-18 -66 0
-19 -67 0
-20 -68 0
-21 -69 0
-22 -70 0
-23 -71 0
-24 -72 0
-17 -73 0
-18 -74 0
-19 -75 0
-20 -76 0
-21 -77 0
-22 -78 0
-23 -79 0
-24 -80 0
-17 -81 0
-18 -82 0
-19 -83 0
-20 -84 0
-21 -85 0
-22 -86 0
-23 -87 0
-24 -88 0
-17 -89 0
-18 -90 0
-19 -91 0
-20 -92 0
-21 -93 0
-22 -94 0
-23 -95 0
-24 -96 0
-17 -97 0
-18 -98 0
-19 -99 0
-20 -100 0
-21 -101 0
-22 -102 0
-23 -103 0
-24 -104 0
-17 -105 0
-18 -106 0
-19 -107 0
-20 -108 0
-21 -109 0
-22 -110 0
-23 -111 0
-24 -112 0
-17 -113 0
-18 -114 0
-19 -115 0
-20 -116 0
-21 -117 0
-22 -118 0
-23 -119 0
-24 -120 0
-17 -121 0
-18 -122 0
-19 -123 0
-20 -124 0
-21 -125 0
-22 -126 0
-23 -127 0
-24 -128 0
-17 -137 0
-18 -138 0
-19 -139 0
-20 -140 0
-21 -141 0
-22 -142 0
-23 -143 0
-24 -144 0
-17 -145 0
-18 -146 0
-19 -147 0
-20 -148 0
-21 -149 0
-22 -150 0
-23 -151 0
-24 -152 0
-17 -161 0
-18 -162 0
-19 -163 0
-20 -164 0
-21 -165 0
-22 -166 0
-23 -167 0
-24 -168 0
-17 -169 0
-18 -170 0
-19 -171 0
-20 -172 0
-21 -173 0
-22 -174 0
-23 -175 0
-24 -176 0
-17 -185 0
-18 -186 0
-19 -187 0
-20 -188 0
-21 -189 0
-22 -190 0
-23 -191 0
-24 -192 0
-17 -201 0
-18 -202 0
-19 -203 0
-20 -204 0
-21 -205 0
-22 -206 0
-23 -207 0
-24 -208 0
-17 -209 0
-18 -210 0
-19 -211 0
-20 -212 0
-21 -213 0
-22 -214 0
-23 -215 0
-24 -216 0
-17 -217 0
-18 -218 0
-19 -219 0
-20 -220 0
-21 -221 0
-22 -222 0
-23 -223 0
-24 -224 0
-17 -233 0
-18 -234 0
-19 -235 0
-20 -236 0
-21 -237 0
-22 -238 0
-23 -239 0
-24 -240 0
-17 -241 0
-18 -242 0
-19 -243 0
-20 -244 0
-21 -245 0
-22 -246 0
-23 -247 0
-24 -248 0
-17 -249 0
-18 -250 0
-19 -251 0
-20 -252 0
-21 -253 0
-22 -254 0
-23 -255 0
-24 -256 0
-17 -257 0
-18 -258 0
-19 -259 0
-20 -260 0
-21 -261 0
-22 -262 0
-23 -263 0
-24 -264 0
-17 -265 0
-18 -266 0
-19 -267 0
-20 -268 0
-21 -269 0
-22 -270 0
-23 -271 0
-24 -272 0
-17 -281 0
-18 -282 0
-19 -283 0
-20 -284 0
-21 -285 0
-22 -286 0
-23 -287 0
-24 -288 0
-17 -289 0
-18 -290 0
-19 -291 0
-20 -292 0
-21 -293 0
-22 -294 0
-23 -295 0
-24 -296 0
-17 -297 0
-18 -298 0
-19 -299 0
-20 -300 0
-21 -301 0
-22 -302 0
-23 -303 0
-24 -304 0
-17 -329 0
-18 -330 0
-19 -331 0
-20 -332 0
-21 -333 0
-22 -334 0
-23 -335 0
-24 -336 0
-17 -337 0
-18 -338 0
-19 -339 0
-20 -340 0
-21 -341 0
-22 -342 0
-23 -343 0
-24 -344 0
-17 -345 0
-18 -346 0
-19 -347 0
-20 -348 0
-21 -349 0
-22 -350 0
-23 -351 0
-24 -352 0
-17 -361 0
-18 -362 0
-19 -363 0
-20 -364 0
-21 -365 0
-22 -366 0
-23 -367 0
-24 -368 0
-17 -369 0
-18 -370 0
-19 -371 0
-20 -372 0
-21 -373 0
-22 -374 0
-23 -375 0
-24 -376 0
-17 -377 0
-18 -378 0
-19 -379 0
-20 -380 0
-21 -381 0
-22 -382 0
-23 -383 0
-24 -384 0
-17 -385 0
-18 -386 0
-19 -387 0
-20 -388 0
-21 -389 0
-22 -390 0
-23 -391 0
-24 -392 0
-25 -33 0
-26 -34 0
-27 -35 0
-28 -36 0
-29 -37 0
-30 -38 0
-31 -39 0
-32 -40 0
-25 -41 0
-26 -42 0
-27 -43 0
-28 -44 0
-29 -45 0
-30 -46 0
-31 -47 0
-32 -48 0
-25 -57 0
-26 -58 0
-27 -59 0
-28 -60 0
-29 -61 0
-30 -62 0
-31 -63 0
-32 -64 0
-25 -65 0
-26 -66 0
-27 -67 0
-28 -68 0
-29 -69 0
-30 -70 0
-31 -71 0
-32 -72 0
-25 -73 0
-26 -74 0
-27 -75 0
-28 -76 0
-29 -77 0
-30 -78 0
-31 -79 0
-32 -80 0
-25 -81 0
-26 -82 0
-27 -83 0
-28 -84 0
-29 -85 0
-30 -86 0
-31 -87 0
-32 -88 0
-25 -105 0
-26 -106 0
-27 -107 0
-28 -108 0
-29 -109 0
-30 -110 0
-31 -111 0
-32 -112 0
-25 -113 0
-26 -114 0
-27 -115 0
-28 -116 0
-29 -117 0
-30 -118 0
-31 -119 0
-32 -120 0
-25 -129 0
-26 -130 0
-27 -131 0
-28 -132 0
-29 -133 0
-30 -134 0
-31 -135 0
-32 -136 0
-25 -137 0
-26 -138 0
-27 -139 0
-28 -140 0
-29 -141 0
-30 -142 0
-31 -143 0
-32 -144 0
-25 -153 0
-26 -154 0
-27 -155 0
-28 -156 0
-29 -157 0
-30 -158 0
-31 -159 0
-32 -160 0
-25 -161 0
-26 -162 0
-27 -163 0
-28 -164 0
-29 -165 0
-30 -166 0
-31 -167 0
-32 -168 0
-25 -169 0
-26 -170 0
-27 -171 0
-28 -172 0
-29 -173 0
-30 -174 0
-31 -175 0
-32 -176 0
-25 -177 0
-26 -178 0
-27 -179 0
-28 -180 0
-29 -181 0
-30 -182 0
-31 -183 0
-32 -184 0
-25 -185 0
-26 -186 0
-27 -187 0
-28 -188 0
-29 -189 0
-30 -190 0
-31 -191 0
-32 -192 0
-25 -201 0
-26 -202 0
-27 -203 0
-28 -204 0
-29 -205 0
-30 -206 0
-31 -207 0
-32 -208 0
-25 -209 0
-26 -210 0
-27 -211 0
-28 -212 0
-29 -213 0
-30 -214 0
-31 -215 0
-32 -216 0
-25 -217 0
-26 -218 0
-27 -219 0
-28 -220 0
-29 -221 0
-30 -222 0
-31 -223 0
-32 -224 0
-25 -225 0
-26 -226 0
-27 -227 0
-28 -228 0
-29 -229 0
-30 -230 0
-31 -231 0
-32 -232 0
-25 -233 0
-26 -234 0
-27 -235 0
-28 -236 0
-29 -237 0
-30 -238 0
-31 -239 0
-32 -240 0
-25 -241 0
-26 -242 0
-27 -243 0
-28 -244 0
-29 -245 0
-30 -246 0
-31 -247 0
-32 -248 0
-25 -273 0
-26 -274 0
-27 -275 0
-28 -276 0
-29 -277 0
-30 -278 0
-31 -279 0
-32 -280 0
-25 -281 0
-26 -282 0
-27 -283 0
-28 -284 0
-29 -285 0
-30 -286 0
-31 -287 0
-32 -288 0
-25 -305 0
-26 -306 0
-27 -307 0
-28 -308 0
-29 -309 0
-30 -310 0
-31 -311 0
-32 -312 0
-25 -321 0
-26 -322 0
-27 -323 0
-28 -324 0
-29 -325 0
-30 -326 0
-31 -327 0
-32 -328 0
-25 -329 0
-26 -330 0
-27 -331 0
-28 -332 0
-29 -333 0
-30 -334 0
-31 -335 0
-32 -336 0
-25 -337 0
-26 -338 0
-27 -339 0
-28 -340 0
-29 -341 0
-30 -342 0
-31 -343 0
-32 -344 0
-25 -345 0
-26 -346 0
-27 -347 0
-28 -348 0
-29 -349 0
-30 -350 0
-31 -351 0
-32 -352 0
-25 -353 0
-26 -354 0
-27 -355 0
-28 -356 0
-29 -357 0
-30 -358 0
-31 -359 0
-32 -360 0
-25 -361 0
-26 -362 0
-27 -363 0
-28 -364 0
-29 -365 0
-30 -366 0
-31 -367 0
-32 -368 0
-25 -369 0
-26 -370 0
-27 -371 0
-28 -372 0
-29 -373 0
-30 -374 0
-31 -375 0
-32 -376 0
-25 -385 0
-26 -386 0
-27 -387 0
-28 -388 0
-29 -389 0
-30 -390 0
-31 -391 0
-32 -392 0
-25 -393 0
-26 -394 0
-27 -395 0
-28 -396 0
-29 -397 0
-30 -398 0
-31 -399 0
-32 -400 0
-33 -41 0
-34 -42 0
-35 -43 0
-36 -44 0
-37 -45 0
-38 -46 0
-39 -47 0
-40 -48 0
-33 -49 0
-34 -50 0
-35 -51 0
-36 -52 0
-37 -53 0
-38 -54 0
-39 -55 0
-40 -56 0
-33 -57 0
-34 -58 0
-35 -59 0
-36 -60 0
-37 -61 0
-38 -62 0
-39 -63 0
-40 -64 0
-33 -65 0
-34 -66 0
-35 -67 0
-36 -68 0
-37 -69 0
-38 -70 0
-39 -71 0
-40 -72 0
-33 -73 0
-34 -74 0
-35 -75 0
-36 -76 0
-37 -77 0
-38 -78 0
-39 -79 0
-40 -80 0
-33 -81 0
-34 -82 0
-35 -83 0
-36 -84 0
-37 -85 0
-38 -86 0
-39 -87 0
-40 -88 0
-33 -89 0
-34 -90 0
-35 -91 0
-36 -92 0
-37 -93 0
-38 -94 0
-39 -95 0
-40 -96 0
-33 -97 0
-34 -98 0
-35 -99 0
-36 -100 0
-37 -101 0
-38 -102 0
-39 -103 0
-40 -104 0
-33 -113 0
-34 -114 0
-35 -115 0
-36 -116 0
-37 -117 0
-38 -118 0
-39 -119 0
-40 -120 0
-33 -121 0
-34 -122 0
-35 -123 0
-36 -124 0
-37 -125 0
-38 -126 0
-39 -127 0
-40 -128 0
-33 -137 0
-34 -138 0
-35 -139 0
-36 -140 0
-37 -141 0
-38 -142 0
-39 -143 0
-40 -144 0
-33 -153 0
-34 -154 0
-35 -155 0
-36 -156 0
-37 -157 0
-38 -158 0
-39 -159 0
-40 -160 0
-33 -161 0
-34 -162 0
-35 -163 0
-36 -164 0
-37 -165 0
-38 -166 0
-39 -167 0
-40 -168 0
-33 -169 0
-34 -170 0
-35 -171 0
-36 -172 0
-37 -173 0
-38 -174 0
-39 -175 0
-40 -176 0
-33 -193 0
-34 -194 0
-35 -195 0
-36 -196 0
-37 -197 0
-38 -198 0
-39 -199 0
-40 -200 0
-33 -201 0
-34 -202 0
-35 -203 0
-36 -204 0
-37 -205 0
-38 -206 0
-39 -207 0
-40 -208 0
-33 -209 0
-34 -210 0
-35 -211 0
-36 -212 0
-37 -213 0
-38 -214 0
-39 -215 0
-40 -216 0
-33 -225 0
-34 -226 0
-35 -227 0
-36 -228 0
-37 -229 0
-38 -230 0
-39 -231 0
-40 -232 0
-33 -241 0
-34 -242 0
-35 -243 0
-36 -244 0
-37 -245 0
-38 -246 0
-39 -247 0
-40 -248 0
-33 -257 0
-34 -258 0
-35 -259 0
-36 -260 0
-37 -261 0
-38 -262 0
-39 -263 0
-40 -264 0
-33 -265 0
-34 -266 0
-35 -267 0
-36 -268 0
-37 -269 0
-38 -270 0
-39 -271 0
-40 -272 0
-33 -281 0
-34 -282 0
-35 -283 0
-36 -284 0
-37 -285 0
-38 -286 0
-39 -287 0
-40 -288 0
-33 -289 0
-34 -290 0
-35 -291 0
-36 -292 0
-37 -293 0
-38 -294 0
-39 -295 0
-40 -296 0
-33 -305 0
-34 -306 0
-35 -307 0
-36 -308 0
-37 -309 0
-38 -310 0
-39 -311 0
-40 -312 0
-33 -321 0
-34 -322 0
-35 -323 0
-36 -324 0
-37 -325 0
-38 -326 0
-39 -327 0
-40 -328 0
-33 -329 0
-34 -330 0
-35 -331 0
-36 -332 0
-37 -333 0
-38 -334 0
-39 -335 0
-40 -336 0
-33 -337 0
-34 -338 0
-35 -339 0
-36 -340 0
-37 -341 0
-38 -342 0
-39 -343 0
-40 -344 0
-33 -345 0
-34 -346 0
-35 -347 0
-36 -348 0
-37 -349 0
-38 -350 0
-39 -351 0
-40 -352 0
-33 -353 0
-34 -354 0
-35 -355 0
-36 -356 0
-37 -357 0
-38 -358 0
-39 -359 0
-40 -360 0
-33 -361 0
-34 -362 0
-35 -363 0
-36 -364 0
-37 -365 0
-38 -366 0
-39 -367 0
-40 -368 0
-33 -369 0
-34 -370 0
-35 -371 0
-36 -372 0
-37 -373 0
-38 -374 0
-39 -375 0
-40 -376 0
-33 -377 0
-34 -378 0
-35 -379 0
-36 -380 0
-37 -381 0
-38 -382 0
-39 -383 0
-40 -384 0
-33 -385 0
-34 -386 0
-35 -387 0
-36 -388 0
-37 -389 0
-38 -390 0
-39 -391 0
-40 -392 0
-33 -393 0
-34 -394 0
-35 -395 0
-36 -396 0
-37 -397 0
-38 -398 0
-39 -399 0
-40 -400 0
-41 -49 0
-42 -50 0
-43 -51 0
-44 -52 0
-45 -53 0
-46 -54 0
-47 -55 0
-48 -56 0
-41 -73 0
-42 -74 0
-43 -75 0
-44 -76 0
-45 -77 0
-46 -78 0
-47 -79 0
-48 -80 0
-41 -89 0
-42 -90 0
-43 -91 0
-44 -92 0
-45 -93 0
-46 -94 0
-47 -95 0
-48 -96 0
-41 -97 0
-42 -98 0
-43 -99 0
-44 -100 0
-45 -101 0
-46 -102 0
-47 -103 0
-48 -104 0
-41 -105 0
-42 -106 0
-43 -107 0
-44 -108 0
-45 -109 0
-46 -110 0
-47 -111 0
-48 -112 0
-41 -121 0
-42 -122 0
-43 -123 0
-44 -124 0
-45 -125 0
-46 -126 0
-47 -127 0
-48 -128 0
-41 -137 0
-42 -138 0
-43 -139 0
-44 -140 0
-45 -141 0
-46 -142 0
-47 -143 0
-48 -144 0
-41 -145 0
-42 -146 0
-43 -147 0
-44 -148 0
-45 -149 0
-46 -150 0
-47 -151 0
-48 -152 0
-41 -161 0
-42 -162 0
-43 -163 0
-44 -164 0
-45 -165 0
-46 -166 0
-47 -167 0
-48 -168 0
-41 -177 0
-42 -178 0
-43 -179 0
-44 -180 0
-45 -181 0
-46 -182 0
-47 -183 0
-48 -184 0
-41 -185 0
-42 -186 0
-43 -187 0
-44 -188 0
-45 -189 0
-46 -190 0
-47 -191 0
-48 -192 0
-41 -193 0
-42 -194 0
-43 -195 0
-44 -196 0
-45 -197 0
-46 -198 0
-47 -199 0
-48 -200 0
-41 -201 0
-42 -202 0
-43 -203 0
-44 -204 0
-45 -205 0
-46 -206 0
-47 -207 0
-48 -208 0
-41 -209 0
-42 -210 0
-43 -211 0
-44 -212 0
-45 -213 0
-46 -214 0
-47 -215 0
-48 -216 0
-41 -225 0
-42 -226 0
-43 -227 0
-44 -228 0
-45 -229 0
-46 -230 0
-47 -231 0
-48 -232 0
-41 -249 0
-42 -250 0
-43 -251 0
-44 -252 0
-45 -253 0
-46 -254 0
-47 -255 0
-48 -256 0
-41 -257 0
-42 -258 0
-43 -259 0
-44 -260 0
-45 -261 0
-46 -262 0
-47 -263 0
-48 -264 0
-41 -265 0
-42 -266 0
-43 -267 0
-44 -268 0
-45 -269 0
-46 -270 0
-47 -271 0
-48 -272 0
-41 -289 0
-42 -290 0
-43 -291 0
-44 -292 0
-45 -293 0
-46 -294 0
-47 -295 0
-48 -296 0
-41 -297 0
-42 -298 0
-43 -299 0
-44 -300 0
-45 -301 0
-46 -302 0
-47 -303 0
-48 -304 0
-41 -305 0
-42 -306 0
-43 -307 0
-44 -308 0
-45 -309 0
-46 -310 0
-47 -311 0
-48 -312 0
-41 -313 0
-42 -314 0
-43 -315 0
-44 -316 0
-45 -317 0
-46 -318 0
-47 -319 0
-48 -320 0
-41 -321 0
-42 -322 0
-43 -323 0
-44 -324 0
-45 -325 0
-46 -326 0
-47 -327 0
-48 -328 0
-41 -329 0
-42 -330 0
-43 -331 0
-44 -332 0
-45 -333 0
-46 -334 0
-47 -335 0
-48 -336 0
-41 -337 0
-42 -338 0
-43 -339 0
-44 -340 0
-45 -341 0
-46 -342 0
-47 -343 0
-48 -344 0
-41 -345 0
-42 -346 0
-43 -347 0
-44 -348 0
-45 -349 0
-46 -350 0
-47 -351 0
-48 -352 0
-41 -353 0
-42 -354 0
-43 -355 0
-44 -356 0
-45 -357 0
-46 -358 0
-47 -359 0
-48 -360 0
-41 -369 0
-42 -370 0
-43 -371 0
-44 -372 0
-45 -373 0
-46 -374 0
-47 -375 0
-48 -376 0
-41 -377 0
-42 -378 0
-43 -379 0
-44 -380 0
-45 -381 0
-46 -382 0
-47 -383 0
-48 -384 0
-41 -385 0
-42 -386 0
-43 -387 0
-44 -388 0
-45 -389 0
-46 -390 0
-47 -391 0
-48 -392 0
-41 -393 0
-42 -394 0
-43 -395 0
-44 -396 0
-45 -397 0
-46 -398 0
-47 -399 0
-48 -400 0
-49 -57 0
-50 -58 0
-51 -59 0
-52 -60 0
-53 -61 0
-54 -62 0
-55 -63 0
-56 -64 0
-49 -65 0
-50 -66 0
-51 -67 0
-52 -68 0
-53 -69 0
-54 -70 0
-55 -71 0
-56 -72 0
-49 -73 0
-50 -74 0
-51 -75 0
-52 -76 0
-53 -77 0
-54 -78 0
-55 -79 0
-56 -80 0
-49 -89 0
-50 -90 0
-51 -91 0
-52 -92 0
-53 -93 0
-54 -94 0
-55 -95 0
-56 -96 0
-49 -97 0
-50 -98 0
-51 -99 0
-52 -100 0
-53 -101 0
-54 -102 0
-55 -103 0
-56 -104 0
-49 -121 0
-50 -122 0
-51 -123 0
-52 -124 0
-53 -125 0
-54 -126 0
-55 -127 0
-56 -128 0
-49 -137 0
-50 -138 0
-51 -139 0
-52 -140 0
-53 -141 0
-54 -142 0
-55 -143 0
-56 -144 0
-49 -145 0
-50 -146 0
-51 -147 0
-52 -148 0
-53 -149 0
-54 -150 0
-55 -151 0
-56 -152 0
-49 -153 0
-50 -154 0
-51 -155 0
-52 -156 0
-53 -157 0
-54 -158 0
-55 -159 0
-56 -160 0
-49 -161 0
-50 -162 0
-51 -163 0
-52 -164 0
-53 -165 0
-54 -166 0
-55 -167 0
-56 -168 0
-49 -169 0
-50 -170 0
-51 -171 0
-52 -172 0
-53 -173 0
-54 -174 0
-55 -175 0
-56 -176 0
-49 -185 0
-50 -186 0
-51 -187 0
-52 -188 0
-53 -189 0
-54 -190 0
-55 -191 0
-56 -192 0
-49 -193 0
-50 -194 0
-51 -195 0
-52 -196 0
-53 -197 0
-54 -198 0
-55 -199 0
-56 -200 0
-49 -201 0
-50 -202 0
-51 -203 0
-52 -204 0
-53 -205 0
-54 -206 0
-55 -207 0
-56 -208 0
-49 -225 0
-50 -226 0
-51 -227 0
-52 -228 0
-53 -229 0
-54 -230 0
-55 -231 0
-56 -232 0
-49 -233 0
-50 -234 0
-51 -235 0
-52 -236 0
-53 -237 0
-54 -238 0
-55 -239 0
-56 -240 0
-49 -241 0
-50 -242 0
-51 -243 0
-52 -244 0
-53 -245 0
-54 -246 0
-55 -247 0
-56 -248 0
-49 -249 0
-50 -250 0
-51 -251 0
-52 -252 0
-53 -253 0
-54 -254 0
-55 -255 0
-56 -256 0
-49 -257 0
-50 -258 0
-51 -259 0
-52 -260 0
-53 -261 0
-54 -262 0
-55 -263 0
-56 -264 0
-49 -265 0
-50 -266 0
-51 -267 0
-52 -268 0
-53 -269 0
-54 -270 0
-55 -271 0
-56 -272 0
-49 -289 0
-50 -290 0
-51 -291 0
-52 -292 0
-53 -293 0
-54 -294 0
-55 -295 0
-56 -296 0
-49 -305 0
-50 -306 0
-51 -307 0
-52 -308 0
-53 -309 0
-54 -310 0
-55 -311 0
-56 -312 0
-49 -313 0
-50 -314 0
-51 -315 0
-52 -316 0
-53 -317 0
-54 -318 0
-55 -319 0
-56 -320 0
-49 -321 0
-50 -322 0
-51 -323 0
-52 -324 0
-53 -325 0
-54 -326 0
-55 -327 0
-56 -328 0
-49 -329 0
-50 -330 0
-51 -331 0
-52 -332 0
-53 -333 0
-54 -334 0
-55 -335 0
-56 -336 0
-49 -361 0
-50 -362 0
-51 -363 0
-52 -364 0
-53 -365 0
-54 -366 0
-55 -367 0
-56 -368 0
-49 -369 0
-50 -370 0
-51 -371 0
-52 -372 0
-53 -373 0
-54 -374 0
-55 -375 0
-56 -376 0
-49 -377 0
-50 -378 0
-51 -379 0
-52 -380 0
-53 -381 0
-54 -382 0
-55 -383 0
-56 -384 0
-49 -385 0
-50 -386 0
-51 -387 0
-52 -388 0
-53 -389 0
-54 -390 0
-55 -391 0
-56 -392 0
-49 -393 0
-50 -394 0
-51 -395 0
-52 -396 0
-53 -397 0
-54 -398 0
-55 -399 0
-56 -400 0
-57 -65 0
-58 -66 0
-59 -67 0
-60 -68 0
-61 -69 0
-62 -70 0
-63 -71 0
-64 -72 0
-57 -73 0
-58 -74 0
-59 -75 0
-60 -76 0
-61 -77 0
-62 -78 0
-63 -79 0
-64 -80 0
-57 -89 0
-58 -90 0
-59 -91 0
-60 -92 0
-61 -93 0
-62 -94 0
-63 -95 0
-64 -96 0
-57 -97 0
-58 -98 0
-59 -99 0
-60 -100 0
-61 -101 0
-62 -102 0
-63 -103 0
-64 -104 0
-57 -105 0
-58 -106 0
-59 -107 0
-60 -108 0
-61 -109 0
-62 -110 0
-63 -111 0
-64 -112 0
-57 -113 0
-58 -114 0
-59 -115 0
-60 -116 0
-61 -117 0
-62 -118 0
-63 -119 0
-64 -120 0
-57 -121 0
-58 -122 0
-59 -123 0
-60 -124 0
-61 -125 0
-62 -126 0
-63 -127 0
-64 -128 0
-57 -137 0
-58 -138 0
-59 -139 0
-60 -140 0
-61 -141 0
-62 -142 0
-63 -143 0
-64 -144 0
-57 -145 0
-58 -146 0
-59 -147 0
-60 -148 0
-61 -149 0
-62 -150 0
-63 -151 0
-64 -152 0
-57 -161 0
-58 -162 0
-59 -163 0
-60 -164 0
-61 -165 0
-62 -166 0
-63 -167 0
-64 -168 0
-57 -169 0
-58 -170 0
-59 -171 0
-60 -172 0
-61 -173 0
-62 -174 0
-63 -175 0
-64 -176 0
-57 -177 0
-58 -178 0
-59 -179 0
-60 -180 0
-61 -181 0
-62 -182 0
-63 -183 0
-64 -184 0
-57 -185 0
-58 -186 0
-59 -187 0
-60 -188 0
-61 -189 0
-62 -190 0
-63 -191 0
-64 -192 0
-57 -201 0
-58 -202 0
-59 -203 0
-60 -204 0
-61 -205 0
-62 -206 0
-63 -207 0
-64 -208 0
-57 -209 0
-58 -210 0
-59 -211 0
-60 -212 0
-61 -213 0
-62 -214 0
-63 -215 0
-64 -216 0
-57 -217 0
-58 -218 0
-59 -219 0
-60 -220 0
-61 -221 0
-62 -222 0
-63 -223 0
-64 -224 0
-57 -225 0
-58 -226 0
-59 -227 0
-60 -228 0
-61 -229 0
-62 -230 0
-63 -231 0
-64 -232 0
-57 -241 0
-58 -242 0
-59 -243 0
-60 -244 0
-61 -245 0
-62 -246 0
-63 -247 0
-64 -248 0
-57 -257 0
-58 -258 0
-59 -259 0
-60 -260 0
-61 -261 0
-62 -262 0
-63 -263 0
-64 -264 0
-57 -265 0
-58 -266 0
-59 -267 0
-60 -268 0
-61 -269 0
-62 -270 0
-63 -271 0
-64 -272 0
-57 -273 0
-58 -274 0
-59 -275 0
-60 -276 0
-61 -277 0
-62 -278 0
-63 -279 0
-64 -280 0
-57 -281 0
-58 -282 0
-59 -283 0
-60 -284 0
-61 -285 0
-62 -286 0
-63 -287 0
-64 -288 0
-57 -305 0
-58 -306 0
-59 -307 0
-60 -308 0
-61 -309 0
-62 -310 0
-63 -311 0
-64 -312 0
-57 -313 0
-58 -314 0
-59 -315 0
-60 -316 0
-61 -317 0
-62 -318 0
-63 -319 0
-64 -320 0
-57 -321 0
-58 -322 0
-59 -323 0
-60 -324 0
-61 -325 0
-62 -326 0
-63 -327 0
-64 -328 0
-57 -329 0
-58 -330 0
-59 -331 0
-60 -332 0
-61 -333 0
-62 -334 0
-63 -335 0
-64 -336 0
-57 -345 0
-58 -346 0
-59 -347 0
-60 -348 0
-61 -349 0
-62 -350 0
-63 -351 0
-64 -352 0
-57 -353 0
-58 -354 0
-59 -355 0
-60 -356 0
-61 -357 0
-62 -358 0
-63 -359 0
-64 -360 0
-57 -361 0
-58 -362 0
-59 -363 0
-60 -364 0
-61 -365 0
-62 -366 0
-63 -367 0
-64 -368 0
-57 -369 0
-58 -370 0
-59 -371 0
-60 -372 0
-61 -373 0
-62 -374 0
-63 -375 0
-64 -376 0
-57 -377 0
-58 -378 0
-59 -379 0
-60 -380 0
-61 -381 0
-62 -382 0
-63 -383 0
-64 -384 0
-57 -385 0
-58 -386 0
-59 -387 0
-60 -388 0
-61 -389 0
-62 -390 0
-63 -391 0
-64 -392 0
-57 -393 0
-58 -394 0
-59 -395 0
-60 -396 0
-61 -397 0
-62 -398 0
-63 -399 0
-64 -400 0
-65 -81 0
-66 -82 0
-67 -83 0
-68 -84 0
-69 -85 0
-70 -86 0
-71 -87 0
-72 -88 0
-65 -89 0
-66 -90 0
-67 -91 0
-68 -92 0
-69 -93 0
-70 -94 0
-71 -95 0
-72 -96 0
-65 -97 0
-66 -98 0
-67 -99 0
-68 -100 0
-69 -101 0
-70 -102 0
-71 -103 0
-72 -104 0
-65 -113 0
-66 -114 0
-67 -115 0
-68 -116 0
-69 -117 0
-70 -118 0
-71 -119 0
-72 -120 0
-65 -137 0
-66 -138 0
-67 -139 0
-68 -140 0
-69 -141 0
-70 -142 0
-71 -143 0
-72 -144 0
-65 -145 0
-66 -146 0
-67 -147 0
-68 -148 0
-69 -149 0
-70 -150 0
-71 -151 0
-72 -152 0
-65 -153 0
-66 -154 0
-67 -155 0
-68 -156 0
-69 -157 0
-70 -158 0
-71 -159 0
-72 -160 0
-65 -161 0
-66 -162 0
-67 -163 0
-68 -164 0
-69 -165 0
-70 -166 0
-71 -167 0
-72 -168 0
-65 -169 0
-66 -170 0
-67 -171 0
-68 -172 0
-69 -173 0
-70 -174 0
-71 -175 0
-72 -176 0
-65 -177 0
-66 -178 0
-67 -179 0
-68 -180 0
-69 -181 0
-70 -182 0
-71 -183 0
-72 -184 0
-65 -193 0
-66 -194 0
-67 -195 0
-68 -196 0
-69 -197 0
-70 -198 0
-71 -199 0
-72 -200 0
-65 -209 0
-66 -210 0
-67 -211 0
-68 -212 0
-69 -213 0
-70 -214 0
-71 -215 0
-72 -216 0
-65 -217 0
-66 -218 0
-67 -219 0
-68 -220 0
-69 -221 0
-70 -222 0
-71 -223 0
-72 -224 0
-65 -225 0
-66 -226 0
-67 -227 0
-68 -228 0
-69 -229 0
-70 -230 0
-71 -231 0
-72 -232 0
-65 -233 0
-66 -234 0
-67 -235 0
-68 -236 0
-69 -237 0
-70 -238 0
-71 -239 0
-72 -240 0
-65 -241 0
-66 -242 0
-67 -243 0
-68 -244 0
-69 -245 0
-70 -246 0
-71 -247 0
-72 -248 0
-65 -265 0
-66 -266 0
-67 -267 0
-68 -268 0
-69 -269 0
-70 -270 0
-71 -271 0
-72 -272 0
-65 -281 0
-66 -282 0
-67 -283 0
-68 -284 0
-69 -285 0
-70 -286 0
-71 -287 0
-72 -288 0
-65 -305 0
-66 -306 0
-67 -307 0
-68 -308 0
-69 -309 0
-70 -310 0
-71 -311 0
-72 -312 0
-65 -321 0
-66 -322 0
-67 -323 0
-68 -324 0
-69 -325 0
-70 -326 0
-71 -327 0
-72 -328 0
-65 -329 0
-66 -330 0
-67 -331 0
-68 -332 0
-69 -333 0
-70 -334 0
-71 -335 0
-72 -336 0
-65 -345 0
-66 -346 0
-67 -347 0
-68 -348 0
-69 -349 0
-70 -350 0
-71 -351 0
-72 -352 0
-65 -353 0
-66 -354 0
-67 -355 0
-68 -356 0
-69 -357 0
-70 -358 0
-71 -359 0
-72 -360 0
-65 -361 0
-66 -362 0
-67 -363 0
-68 -364 0
-69 -365 0
-70 -366 0
-71 -367 0
-72 -368 0
-65 -377 0
-66 -378 0
-67 -379 0
-68 -380 0
-69 -381 0
-70 -382 0
-71 -383 0
-72 -384 0
-65 -385 0
-66 -386 0
-67 -387 0
-68 -388 0
-69 -389 0
-70 -390 0
-71 -391 0
-72 -392 0
-65 -393 0
-66 -394 0
-67 -395 0
-68 -396 0
-69 -397 0
-70 -398 0
-71 -399 0
-72 -400 0
-73 -81 0
-74 -82 0
-75 -83 0
-76 -84 0
-77 -85 0
-78 -86 0
-79 -87 0
-80 -88 0
-73 -89 0
-74 -90 0
-75 -91 0
-76 -92 0
-77 -93 0
-78 -94 0
-79 -95 0
-80 -96 0
-73 -97 0
-74 -98 0
-75 -99 0
-76 -100 0
-77 -101 0
-78 -102 0
-79 -103 0
-80 -104 0
-73 -113 0
-74 -114 0
-75 -115 0
-76 -116 0
-77 -117 0
-78 -118 0
-79 -119 0
-80 -120 0
-73 -121 0
-74 -122 0
-75 -123 0
-76 -124 0
-77 -125 0
-78 -126 0
-79 -127 0
-80 -128 0
-73 -129 0
-74 -130 0
-75 -131 0
-76 -132 0
-77 -133 0
-78 -134 0
-79 -135 0
-80 -136 0
-73 -137 0
-74 -138 0
-75 -139 0
-76 -140 0
-77 -141 0
-78 -142 0
-79 -143 0
-80 -144 0
-73 -145 0
-74 -146 0
-75 -147 0
-76 -148 0
-77 -149 0
-78 -150 0
-79 -151 0
-80 -152 0
-73 -153 0
-74 -154 0
-75 -155 0
-76 -156 0
-77 -157 0
-78 -158 0
-79 -159 0
-80 -160 0
-73 -169 0
-74 -170 0
-75 -171 0
-76 -172 0
-77 -173 0
-78 -174 0
-79 -175 0
-80 -176 0
-73 -185 0
-74 -186 0
-75 -187 0
-76 -188 0
-77 -189 0
-78 -190 0
-79 -191 0
-80 -192 0
-73 -193 0
-74 -194 0
-75 -195 0
-76 -196 0
-77 -197 0
-78 -198 0
-79 -199 0
-80 -200 0
-73 -225 0
-74 -226 0
-75 -227 0
-76 -228 0
-77 -229 0
-78 -230 0
-79 -231 0
-80 -232 0
-73 -233 0
-74 -234 0
-75 -235 0
-76 -236 0
-77 -237 0
-78 -238 0
-79 -239 0
-80 -240 0
-73 -249 0
-74 -250 0
-75 -251 0
-76 -252 0
-77 -253 0
-78 -254 0
-79 -255 0
-80 -256 0
-73 -257 0
-74 -258 0
-75 -259 0
-76 -260 0
-77 -261 0
-78 -262 0
-79 -263 0
-80 -264 0
-73 -265 0
-74 -266 0
-75 -267 0
-76 -268 0
-77 -269 0
-78 -270 0
-79 -271 0
-80 -272 0
-73 -273 0
-74 -274 0
-75 -275 0
-76 -276 0
-77 -277 0
-78 -278 0
-79 -279 0
-80 -280 0
-73 -281 0
-74 -282 0
-75 -283 0
-76 -284 0
-77 -285 0
-78 -286 0
-79 -287 0
-80 -288 0
-73 -305 0
-74 -306 0
-75 -307 0
-76 -308 0
-77 -309 0
-78 -310 0
-79 -311 0
-80 -312 0
-73 -313 0
-74 -314 0
-75 -315 0
-76 -316 0
-77 -317 0
-78 -318 0
-79 -319 0
-80 -320 0
-73 -329 0
-74 -330 0
-75 -331 0
-76 -332 0
-77 -333 0
-78 -334 0
-79 -335 0
-80 -336 0
-73 -345 0
-74 -346 0
-75 -347 0
-76 -348 0
-77 -349 0
-78 -350 0
-79 -351 0
-80 -352 0
-73 -353 0
-74 -354 0
-75 -355 0
-76 -356 0
-77 -357 0
-78 -358 0
-79 -359 0
-80 -360 0
-73 -369 0
-74 -370 0
-75 -371 0
-76 -372 0
-77 -373 0
-78 -374 0
-79 -375 0
-80 -376 0
-73 -377 0
-74 -378 0
-75 -379 0
-76 -380 0
-77 -381 0
-78 -382 0
-79 -383 0
-80 -384 0
-73 -385 0
-74 -386 0
-75 -387 0
-76 -388 0
-77 -389 0
-78 -390 0
-79 -391 0
-80 -392 0
-73 -393 0
-74 -394 0
-75 -395 0
-76 -396 0
-77 -397 0
-78 -398 0
-79 -399 0
-80 -400 0
-81 -89 0
-82 -90 0
-83 -91 0
-84 -92 0
-85 -93 0
-86 -94 0
-87 -95 0
-88 -96 0
-81 -97 0
-82 -98 0
-83 -99 0
-84 -100 0
-85 -101 0
-86 -102 0
-87 -103 0
-88 -104 0
-81 -105 0
-82 -106 0
-83 -107 0
-84 -108 0
-85 -109 0
-86 -110 0
-87 -111 0
-88 -112 0
-81 -113 0
-82 -114 0
-83 -115 0
-84 -116 0
-85 -117 0
-86 -118 0
-87 -119 0
-88 -120 0
-81 -129 0
-82 -130 0
-83 -131 0
-84 -132 0
-85 -133 0
-86 -134 0
-87 -135 0
-88 -136 0
-81 -137 0
-82 -138 0
-83 -139 0
-84 -140 0
-85 -141 0
-86 -142 0
-87 -143 0
-88 -144 0
-81 -145 0
-82 -146 0
-83 -147 0
-84 -148 0
-85 -149 0
-86 -150 0
-87 -151 0
-88 -152 0
-81 -153 0
-82 -154 0
-83 -155 0
-84 -156 0
-85 -157 0
-86 -158 0
-87 -159 0
-88 -160 0
-81 -161 0
-82 -162 0
-83 -163 0
-84 -164 0
-85 -165 0
-86 -166 0
-87 -167 0
-88 -168 0
-81 -185 0
-82 -186 0
-83 -187 0
-84 -188 0
-85 -189 0
-86 -190 0
-87 -191 0
-88 -192 0
-81 -193 0
-82 -194 0
-83 -195 0
-84 -196 0
-85 -197 0
-86 -198 0
-87 -199 0
-88 -200 0
-81 -209 0
-82 -210 0
-83 -211 0
-84 -212 0
-85 -213 0
-86 -214 0
-87 -215 0
-88 -216 0
-81 -217 0
-82 -218 0
-83 -219 0
-84 -220 0
-85 -221 0
-86 -222 0
-87 -223 0
-88 -224 0
-81 -225 0
-82 -226 0
-83 -227 0
-84 -228 0
-85 -229 0
-86 -230 0
-87 -231 0
-88 -232 0
-81 -241 0
-82 -242 0
-83 -243 0
-84 -244 0
-85 -245 0
-86 -246 0
-87 -247 0
-88 -248 0
-81 -257 0
-82 -258 0
-83 -259 0
-84 -260 0
-85 -261 0
-86 -262 0
-87 -263 0
-88 -264 0
-81 -265 0
-82 -266 0
-83 -267 0
-84 -268 0
-85 -269 0
-86 -270 0
-87 -271 0
-88 -272 0
-81 -273 0
-82 -274 0
-83 -275 0
-84 -276 0
-85 -277 0
-86 -278 0
-87 -279 0
-88 -280 0
-81 -281 0
-82 -282 0
-83 -283 0
-84 -284 0
-85 -285 0
-86 -286 0
-87 -287 0
-88 -288 0
-81 -297 0
-82 -298 0
-83 -299 0
-84 -300 0
-85 -301 0
-86 -302 0
-87 -303 0
-88 -304 0
-81 -305 0
-82 -306 0
-83 -307 0
-84 -308 0
-85 -309 0
-86 -310 0
-87 -311 0
-88 -312 0
-81 -313 0
-82 -314 0
-83 -315 0
-84 -316 0
-85 -317 0
-86 -318 0
-87 -319 0
-88 -320 0
-81 -321 0
-82 -322 0
-83 -323 0
-84 -324 0
-85 -325 0
-86 -326 0
-87 -327 0
-88 -328 0
-81 -329 0
-82 -330 0
-83 -331 0
-84 -332 0
-85 -333 0
-86 -334 0
-87 -335 0
-88 -336 0
-81 -337 0
-82 -338 0
-83 -339 0
-84 -340 0
-85 -341 0
-86 -342 0
-87 -343 0
-88 -344 0
-81 -345 0
-82 -346 0
-83 -347 0
-84 -348 0
-85 -349 0
-86 -350 0
-87 -351 0
-88 -352 0
-81 -361 0
-82 -362 0
-83 -363 0
-84 -364 0
-85 -365 0
-86 -366 0
-87 -367 0
-88 -368 0
-81 -369 0
-82 -370 0
-83 -371 0
-84 -372 0
-85 -373 0
-86 -374 0
-87 -375 0
-88 -376 0
-89 -97 0
-90 -98 0
-91 -99 0
-92 -100 0
-93 -101 0
-94 -102 0
-95 -103 0
-96 -104 0
-89 -105 0
-90 -106 0
-91 -107 0
-92 -108 0
-93 -109 0
-94 -110 0
-95 -111 0
-96 -112 0
-89 -113 0
-90 -114 0
-91 -115 0
-92 -116 0
-93 -117 0
-94 -118 0
-95 -119 0
-96 -120 0
-89 -121 0
-90 -122 0
-91 -123 0
-92 -124 0
-93 -125 0
-94 -126 0
-95 -127 0
-96 -128 0
-89 -129 0
-90 -130 0
-91 -131 0
-92 -132 0
-93 -133 0
-94 -134 0
-95 -135 0
-96 -136 0
-89 -145 0
-90 -146 0
-91 -147 0
-92 -148 0
-93 -149 0
-94 -150 0
-95 -151 0
-96 -152 0
-89 -153 0
-90 -154 0
-91 -155 0
-92 -156 0
-93 -157 0
-94 -158 0
-95 -159 0
-96 -160 0
-89 -161 0
-90 -162 0
-91 -163 0
-92 -164 0
-93 -165 0
-94 -166 0
-95 -167 0
-96 -168 0
-89 -177 0
-90 -178 0
-91 -179 0
-92 -180 0
-93 -181 0
-94 -182 0
-95 -183 0
-96 -184 0
-89 -185 0
-90 -186 0
-91 -187 0
-92 -188 0
-93 -189 0
-94 -190 0
-95 -191 0
-96 -192 0
-89 -193 0
-90 -194 0
-91 -195 0
-92 -196 0
-93 -197 0
-94 -198 0
-95 -199 0
-96 -200 0
-89 -201 0
-90 -202 0
-91 -203 0
-92 -204 0
-93 -205 0
-94 -206 0
-95 -207 0
-96 -208 0
-89 -209 0
-90 -210 0
-91 -211 0
-92 -212 0
-93 -213 0
-94 -214 0
-95 -215 0
-96 -216 0
-89 -217 0
-90 -218 0
-91 -219 0
-92 -220 0
-93 -221 0
-94 -222 0
-95 -223 0
-96 -224 0
-89 -225 0
-90 -226 0
-91 -227 0
-92 -228 0
-93 -229 0
-94 -230 0
-95 -231 0
-96 -232 0
-89 -241 0
-90 -242 0
-91 -243 0
-92 -244 0
-93 -245 0
-94 -246 0
-95 -247 0
-96 -248 0
-89 -249 0
-90 -250 0
-91 -251 0
-92 -252 0
-93 -253 0
-94 -254 0
-95 -255 0
-96 -256 0
-89 -257 0
-90 -258 0
-91 -259 0
-92 -260 0
-93 -261 0
-94 -262 0
-95 -263 0
-96 -264 0
-89 -265 0
-90 -266 0
-91 -267 0
-92 -268 0
-93 -269 0
-94 -270 0
-95 -271 0
-96 -272 0
-89 -273 0
-90 -274 0
-91 -275 0
-92 -276 0
-93 -277 0
-94 -278 0
-95 -279 0
-96 -280 0
-89 -289 0
-90 -290 0
-91 -291 0
-92 -292 0
-93 -293 0
-94 -294 0
-95 -295 0
-96 -296 0
-89 -305 0
-90 -306 0
-91 -307 0
-92 -308 0
-93 -309 0
-94 -310 0
-95 -311 0
-96 -312 0
-89 -313 0
-90 -314 0
-91 -315 0
-92 -316 0
-93 -317 0
-94 -318 0
-95 -319 0
-96 -320 0
-89 -321 0
-90 -322 0
-91 -323 0
-92 -324 0
-93 -325 0
-94 -326 0
-95 -327 0
-96 -328 0
-89 -329 0
-90 -330 0
-91 -331 0
-92 -332 0
-93 -333 0
-94 -334 0
-95 -335 0
-96 -336 0
-89 -337 0
-90 -338 0
-91 -339 0
-92 -340 0
-93 -341 0
-94 -342 0
-95 -343 0
-96 -344 0
-89 -345 0
-90 -346 0
-91 -347 0
-92 -348 0
-93 -349 0
-94 -350 0
-95 -351 0
-96 -352 0
-89 -353 0
-90 -354 0
-91 -355 0
-92 -356 0
-93 -357 0
-94 -358 0
-95 -359 0
-96 -360 0
-89 -361 0
-90 -362 0
-91 -363 0
-92 -364 0
-93 -365 0
-94 -366 0
-95 -367 0
-96 -368 0
-89 -369 0
-90 -370 0
-91 -371 0
-92 -372 0
-93 -373 0
-94 -374 0
-95 -375 0
-96 -376 0
-89 -377 0
-90 -378 0
-91 -379 0
-92 -380 0
-93 -381 0
-94 -382 0
-95 -383 0
-96 -384 0
-89 -385 0
-90 -386 0
-91 -387 0
-92 -388 0
-93 -389 0
-94 -390 0
-95 -391 0
-96 -392 0
-89 -393 0
-90 -394 0
-91 -395 0
-92 -396 0
-93 -397 0
-94 -398 0
-95 -399 0
-96 -400 0
-97 -113 0
-98 -114 0
-99 -115 0
-100 -116 0
-101 -117 0
-102 -118 0
-103 -119 0
-104 -120 0
-97 -121 0
-98 -122 0
-99 -123 0
-100 -124 0
-101 -125 0
-102 -126 0
-103 -127 0
-104 -128 0
-97 -129 0
-98 -130 0
-99 -131 0
-100 -132 0
-101 -133 0
-102 -134 0
-103 -135 0
-104 -136 0
-97 -137 0
-98 -138 0
-99 -139 0
-100 -140 0
-101 -141 0
-102 -142 0
-103 -143 0
-104 -144 0
-97 -145 0
-98 -146 0
-99 -147 0
-100 -148 0
-101 -149 0
-102 -150 0
-103 -151 0
-104 -152 0
-97 -153 0
-98 -154 0
-99 -155 0
-100 -156 0
-101 -157 0
-102 -158 0
-103 -159 0
-104 -160 0
-97 -177 0
-98 -178 0
-99 -179 0
-100 -180 0
-101 -181 0
-102 -182 0
-103 -183 0
-104 -184 0
-97 -193 0
-98 -194 0
-99 -195 0
-100 -196 0
-101 -197 0
-102 -198 0
-103 -199 0
-104 -200 0
-97 -201 0
-98 -202 0
-99 -203 0
-100 -204 0
-101 -205 0
-102 -206 0
-103 -207 0
-104 -208 0
-97 -217 0
-98 -218 0
-99 -219 0
-100 -220 0
-101 -221 0
-102 -222 0
-103 -223 0
-104 -224 0
-97 -225 0
-98 -226 0
-99 -227 0
-100 -228 0
-101 -229 0
-102 -230 0
-103 -231 0
-104 -232 0
-97 -233 0
-98 -234 0
-99 -235 0
-100 -236 0
-101 -237 0
-102 -238 0
-103 -239 0
-104 -240 0
-97 -241 0
-98 -242 0
-99 -243 0
-100 -244 0
-101 -245 0
-102 -246 0
-103 -247 0
-104 -248 0
-97 -249 0
-98 -250 0
-99 -251 0
-100 -252 0
-101 -253 0
-102 -254 0
-103 -255 0
-104 -256 0
-97 -257 0
-98 -258 0
-99 -259 0
-100 -260 0
-101 -261 0
-102 -262 0
-103 -263 0
-104 -264 0
-97 -265 0
-98 -266 0
-99 -267 0
-100 -268 0
-101 -269 0
-102 -270 0
-103 -271 0
-104 -272 0
-97 -273 0
-98 -274 0
-99 -275 0
-100 -276 0
-101 -277 0
-102 -278 0
-103 -279 0
-104 -280 0
-97 -289 0
-98 -290 0
-99 -291 0
-100 -292 0
-101 -293 0
-102 -294 0
-103 -295 0
-104 -296 0
-97 -329 0
-98 -330 0
-99 -331 0
-100 -332 0
-101 -333 0
-102 -334 0
-103 -335 0
-104 -336 0
-97 -337 0
-98 -338 0
-99 -339 0
-100 -340 0
-101 -341 0
-102 -342 0
-103 -343 0
-104 -344 0
-97 -345 0
-98 -346 0
-99 -347 0
-100 -348 0
-101 -349 0
-102 -350 0
-103 -351 0
-104 -352 0
-97 -361 0
-98 -362 0
-99 -363 0
-100 -364 0
-101 -365 0
-102 -366 0
-103 -367 0
-104 -368 0
-97 -369 0
-98 -370 0
-99 -371 0
-100 -372 0
-101 -373 0
-102 -374 0
-103 -375 0
-104 -376 0
-97 -377 0
-98 -378 0
-99 -379 0
-100 -380 0
-101 -381 0
-102 -382 0
-103 -383 0
-104 -384 0
-97 -385 0
-98 -386 0
-99 -387 0
-100 -388 0
-101 -389 0
-102 -390 0
-103 -391 0
-104 -392 0
-97 -393 0
-98 -394 0
-99 -395 0
-100 -396 0
-101 -397 0
-102 -398 0
-103 -399 0
-104 -400 0
-105 -113 0
-106 -114 0
-107 -115 0
-108 -116 0
-109 -117 0
-110 -118 0
-111 -119 0
-112 -120 0
-105 -137 0
-106 -138 0
-107 -139 0
-108 -140 0
-109 -141 0
-110 -142 0
-111 -143 0
-112 -144 0
-105 -145 0
-106 -146 0
-107 -147 0
-108 -148 0
-109 -149 0
-110 -150 0
-111 -151 0
-112 -152 0
-105 -161 0
-106 -162 0
-107 -163 0
-108 -164 0
-109 -165 0
-110 -166 0
-111 -167 0
-112 -168 0
-105 -169 0
-106 -170 0
-107 -171 0
-108 -172 0
-109 -173 0
-110 -174 0
-111 -175 0
-112 -176 0
-105 -209 0
-106 -210 0
-107 -211 0
-108 -212 0
-109 -213 0
-110 -214 0
-111 -215 0
-112 -216 0
-105 -217 0
-106 -218 0
-107 -219 0
-108 -220 0
-109 -221 0
-110 -222 0
-111 -223 0
-112 -224 0
-105 -225 0
-106 -226 0
-107 -227 0
-108 -228 0
-109 -229 0
-110 -230 0
-111 -231 0
-112 -232 0
-105 -233 0
-106 -234 0
-107 -235 0
-108 -236 0
-109 -237 0
-110 -238 0
-111 -239 0
-112 -240 0
-105 -241 0
-106 -242 0
-107 -243 0
-108 -244 0
-109 -245 0
-110 -246 0
-111 -247 0
-112 -248 0
-105 -257 0
-106 -258 0
-107 -259 0
-108 -260 0
-109 -261 0
-110 -262 0
-111 -263 0
-112 -264 0
-105 -273 0
-106 -274 0
-107 -275 0
-108 -276 0
-109 -277 0
-110 -278 0
-111 -279 0
-112 -280 0
-105 -281 0
-106 -282 0
-107 -283 0
-108 -284 0
-109 -285 0
-110 -286 0
-111 -287 0
-112 -288 0
-105 -289 0
-106 -290 0
-107 -291 0
-108 -292 0
-109 -293 0
-110 -294 0
-111 -295 0
-112 -296 0
-105 -297 0
-106 -298 0
-107 -299 0
-108 -300 0
-109 -301 0
-110 -302 0
-111 -303 0
-112 -304 0
-105 -313 0
-106 -314 0
-107 -315 0
-108 -316 0
-109 -317 0
-110 -318 0
-111 -319 0
-112 -320 0
-105 -321 0
-106 -322 0
-107 -323 0
-108 -324 0
-109 -325 0
-110 -326 0
-111 -327 0
-112 -328 0
-105 -337 0
-106 -338 0
-107 -339 0
-108 -340 0
-109 -341 0
-110 -342 0
-111 -343 0
-112 -344 0
-105 -345 0
-106 -346 0
-107 -347 0
-108 -348 0
-109 -349 0
-110 -350 0
-111 -351 0
-112 -352 0
-105 -377 0
-106 -378 0
-107 -379 0
-108 -380 0
-109 -381 0
-110 -382 0
-111 -383 0
-112 -384 0
-105 -385 0
-106 -386 0
-107 -387 0
-108 -388 0
-109 -389 0
-110 -390 0
-111 -391 0
-112 -392 0
-113 -121 0
-114 -122 0
-115 -123 0
-116 -124 0
-117 -125 0
-118 -126 0
-119 -127 0
-120 -128 0
-113 -129 0
-114 -130 0
-115 -131 0
-116 -132 0
-117 -133 0
-118 -134 0
-119 -135 0
-120 -136 0
-113 -137 0
-114 -138 0
-115 -139 0
-116 -140 0
-117 -141 0
-118 -142 0
-119 -143 0
-120 -144 0
-113 -145 0
-114 -146 0
-115 -147 0
-116 -148 0
-117 -149 0
-118 -150 0
-119 -151 0
-120 -152 0
-113 -161 0
-114 -162 0
-115 -163 0
-116 -164 0
-117 -165 0
-118 -166 0
-119 -167 0
-120 -168 0
-113 -169 0
-114 -170 0
-115 -171 0
-116 -172 0
-117 -173 0
-118 -174 0
-119 -175 0
-120 -176 0
-113 -177 0
-114 -178 0
-115 -179 0
-116 -180 0
-117 -181 0
-118 -182 0
-119 -183 0
-120 -184 0
-113 -185 0
-114 -186 0
-115 -187 0
-116 -188 0
-117 -189 0
-118 -190 0
-119 -191 0
-120 -192 0
-113 -193 0
-114 -194 0
-115 -195 0
-116 -196 0
-117 -197 0
-118 -198 0
-119 -199 0
-120 -200 0
-113 -201 0
-114 -202 0
-115 -203 0
-116 -204 0
-117 -205 0
-118 -206 0
-119 -207 0
-120 -208 0
-113 -209 0
-114 -210 0
-115 -211 0
-116 -212 0
-117 -213 0
-118 -214 0
-119 -215 0
-120 -216 0
-113 -217 0
-114 -218 0
-115 -219 0
-116 -220 0
-117 -221 0
-118 -222 0
-119 -223 0
-120 -224 0
-113 -233 0
-114 -234 0
-115 -235 0
-116 -236 0
-117 -237 0
-118 -238 0
-119 -239 0
-120 -240 0
-113 -249 0
-114 -250 0
-115 -251 0
-116 -252 0
-117 -253 0
-118 -254 0
-119 -255 0
-120 -256 0
-113 -257 0
-114 -258 0
-115 -259 0
-116 -260 0
-117 -261 0
-118 -262 0
-119 -263 0
-120 -264 0
-113 -281 0
-114 -282 0
-115 -283 0
-116 -284 0
-117 -285 0
-118 -286 0
-119 -287 0
-120 -288 0
-113 -289 0
-114 -290 0
-115 -291 0
-116 -292 0
-117 -293 0
-118 -294 0
-119 -295 0
-120 -296 0
-113 -297 0
-114 -298 0
-115 -299 0
-116 -300 0
-117 -301 0
-118 -302 0
-119 -303 0
-120 -304 0
-113 -305 0
-114 -306 0
-115 -307 0
-116 -308 0
-117 -309 0
-118 -310 0
-119 -311 0
-120 -312 0
-113 -321 0
-114 -322 0
-115 -323 0
-116 -324 0
-117 -325 0
-118 -326 0
-119 -327 0
-120 -328 0
-113 -329 0
-114 -330 0
-115 -331 0
-116 -332 0
-117 -333 0
-118 -334 0
-119 -335 0
-120 -336 0
-113 -337 0
-114 -338 0
-115 -339 0
-116 -340 0
-117 -341 0
-118 -342 0
-119 -343 0
-120 -344 0
-113 -345 0
-114 -346 0
-115 -347 0
-116 -348 0
-117 -349 0
-118 -350 0
-119 -351 0
-120 -352 0
-113 -353 0
-114 -354 0
-115 -355 0
-116 -356 0
-117 -357 0
-118 -358 0
-119 -359 0
-120 -360 0
-113 -377 0
-114 -378 0
-115 -379 0
-116 -380 0
-117 -381 0
-118 -382 0
-119 -383 0
-120 -384 0
-113 -393 0
-114 -394 0
-115 -395 0
-116 -396 0
-117 -397 0
-118 -398 0
-119 -399 0
-120 -400 0
-121 -137 0
-122 -138 0
-123 -139 0
-124 -140 0
-125 -141 0
-126 -142 0
-127 -143 0
-128 -144 0
-121 -145 0
-122 -146 0
-123 -147 0
-124 -148 0
-125 -149 0
-126 -150 0
-127 -151 0
-128 -152 0
-121 -153 0
-122 -154 0
-123 -155 0
-124 -156 0
-125 -157 0
-126 -158 0
-127 -159 0
-128 -160 0
-121 -161 0
-122 -162 0
-123 -163 0
-124 -164 0
-125 -165 0
-126 -166 0
-127 -167 0
-128 -168 0
-121 -169 0
-122 -170 0
-123 -171 0
-124 -172 0
-125 -173 0
-126 -174 0
-127 -175 0
-128 -176 0
-121 -177 0
-122 -178 0
-123 -179 0
-124 -180 0
-125 -181 0
-126 -182 0
-127 -183 0
-128 -184 0
-121 -185 0
-122 -186 0
-123 -187 0
-124 -188 0
-125 -189 0
-126 -190 0
-127 -191 0
-128 -192 0
-121 -193 0
-122 -194 0
-123 -195 0
-124 -196 0
-125 -197 0
-126 -198 0
-127 -199 0
-128 -200 0
-121 -201 0
-122 -202 0
-123 -203 0
-124 -204 0
-125 -205 0
-126 -206 0
-127 -207 0
-128 -208 0
-121 -209 0
-122 -210 0
-123 -211 0
-124 -212 0
-125 -213 0
-126 -214 0
-127 -215 0
-128 -216 0
-121 -233 0
-122 -234 0
-123 -235 0
-124 -236 0
-125 -237 0
-126 -238 0
-127 -239 0
-128 -240 0
-121 -249 0
-122 -250 0
-123 -251 0
-124 -252 0
-125 -253 0
-126 -254 0
-127 -255 0
-128 -256 0
-121 -257 0
-122 -258 0
-123 -259 0
-124 -260 0
-125 -261 0
-126 -262 0
-127 -263 0
-128 -264 0
-121 -265 0
-122 -266 0
-123 -267 0
-124 -268 0
-125 -269 0
-126 -270 0
-127 -271 0
-128 -272 0
-121 -273 0
-122 -274 0
-123 -275 0
-124 -276 0
-125 -277 0
-126 -278 0
-127 -279 0
-128 -280 0
-121 -281 0
-122 -282 0
-123 -283 0
-124 -284 0
-125 -285 0
-126 -286 0
-127 -287 0
-128 -288 0
-121 -289 0
-122 -290 0
-123 -291 0
-124 -292 0
-125 -293 0
-126 -294 0
-127 -295 0
-128 -296 0
-121 -297 0
-122 -298 0
-123 -299 0
-124 -300 0
-125 -301 0
-126 -302 0
-127 -303 0
-128 -304 0
-121 -305 0
-122 -306 0
-123 -307 0
-124 -308 0
-125 -309 0
-126 -310 0
-127 -311 0
-128 -312 0
-121 -313 0
-122 -314 0
-123 -315 0
-124 -316 0
-125 -317 0
-126 -318 0
-127 -319 0
-128 -320 0
-121 -337 0
-122 -338 0
-123 -339 0
-124 -340 0
-125 -341 0
-126 -342 0
-127 -343 0
-128 -344 0
-121 -345 0
-122 -346 0
-123 -347 0
-124 -348 0
-125 -349 0
-126 -350 0
-127 -351 0
-128 -352 0
-121 -353 0
-122 -354 0
-123 -355 0
-124 -356 0
-125 -357 0
-126 -358 0
-127 -359 0
-128 -360 0
-121 -361 0
-122 -362 0
-123 -363 0
-124 -364 0
-125 -365 0
-126 -366 0
-127 -367 0
-128 -368 0
-121 -369 0
-122 -370 0
-123 -371 0
-124 -372 0
-125 -373 0
-126 -374 0
-127 -375 0
-128 -376 0
-121 -377 0
-122 -378 0
-123 -379 0
-124 -380 0
-125 -381 0
-126 -382 0
-127 -383 0
-128 -384 0
-121 -385 0
-122 -386 0
-123 -387 0
-124 -388 0
-125 -389 0
-126 -390 0
-127 -391 0
-128 -392 0
-121 -393 0
-122 -394 0
-123 -395 0
-124 -396 0
-125 -397 0
-126 -398 0
-127 -399 0
-128 -400 0
-129 -137 0
-130 -138 0
-131 -139 0
-132 -140 0
-133 -141 0
-134 -142 0
-135 -143 0
-136 -144 0
-129 -145 0
-130 -146 0
-131 -147 0
-132 -148 0
-133 -149 0
-134 -150 0
-135 -151 0
-136 -152 0
-129 -161 0
-130 -162 0
-131 -163 0
-132 -164 0
-133 -165 0
-134 -166 0
-135 -167 0
-136 -168 0
-129 -169 0
-130 -170 0
-131 -171 0
-132 -172 0
-133 -173 0
-134 -174 0
-135 -175 0
-136 -176 0
-129 -177 0
-130 -178 0
-131 -179 0
-132 -180 0
-133 -181 0
-134 -182 0
-135 -183 0
-136 -184 0
-129 -185 0
-130 -186 0
-131 -187 0
-132 -188 0
-133 -189 0
-134 -190 0
-135 -191 0
-136 -192 0
-129 -209 0
-130 -210 0
-131 -211 0
-132 -212 0
-133 -213 0
-134 -214 0
-135 -215 0
-136 -216 0
-129 -217 0
-130 -218 0
-131 -219 0
-132 -220 0
-133 -221 0
-134 -222 0
-135 -223 0
-136 -224 0
-129 -225 0
-130 -226 0
-131 -227 0
-132 -228 0
-133 -229 0
-134 -230 0
-135 -231 0
-136 -232 0
-129 -233 0
-130 -234 0
-131 -235 0
-132 -236 0
-133 -237 0
-134 -238 0
-135 -239 0
-136 -240 0
-129 -249 0
-130 -250 0
-131 -251 0
-132 -252 0
-133 -253 0
-134 -254 0
-135 -255 0
-136 -256 0
-129 -257 0
-130 -258 0
-131 -259 0
-132 -260 0
-133 -261 0
-134 -262 0
-135 -263 0
-136 -264 0
-129 -265 0
-130 -266 0
-131 -267 0
-132 -268 0
-133 -269 0
-134 -270 0
-135 -271 0
-136 -272 0
-129 -273 0
-130 -274 0
-131 -275 0
-132 -276 0
-133 -277 0
-134 -278 0
-135 -279 0
-136 -280 0
-129 -281 0
-130 -282 0
-131 -283 0
-132 -284 0
-133 -285 0
-134 -286 0
-135 -287 0
-136 -288 0
-129 -313 0
-130 -314 0
-131 -315 0
-132 -316 0
-133 -317 0
-134 -318 0
-135 -319 0
-136 -320 0
-129 -321 0
-130 -322 0
-131 -323 0
-132 -324 0
-133 -325 0
-134 -326 0
-135 -327 0
-136 -328 0
-129 -329 0
-130 -330 0
-131 -331 0
-132 -332 0
-133 -333 0
-134 -334 0
-135 -335 0
-136 -336 0
-129 -337 0
-130 -338 0
-131 -339 0
-132 -340 0
-133 -341 0
-134 -342 0
-135 -343 0
-136 -344 0
-129 -345 0
-130 -346 0
-131 -347 0
-132 -348 0
-133 -349 0
-134 -350 0
-135 -351 0
-136 -352 0
-129 -369 0
-130 -370 0
-131 -371 0
-132 -372 0
-133 -373 0
-134 -374 0
-135 -375 0
-136 -376 0
-129 -385 0
-130 -386 0
-131 -387 0
-132 -388 0
-133 -389 0
-134 -390 0
-135 -391 0
-136 -392 0
-129 -393 0
-130 -394 0
-131 -395 0
-132 -396 0
-133 -397 0
-134 -398 0
-135 -399 0
-136 -400 0
-137 -145 0
-138 -146 0
-139 -147 0
-140 -148 0
-141 -149 0
-142 -150 0
-143 -151 0
-144 -152 0
-137 -153 0
-138 -154 0
-139 -155 0
-140 -156 0
-141 -157 0
-142 -158 0
-143 -159 0
-144 -160 0
-137 -161 0
-138 -162 0
-139 -163 0
-140 -164 0
-141 -165 0
-142 -166 0
-143 -167 0
-144 -168 0
-137 -169 0
-138 -170 0
-139 -171 0
-140 -172 0
-141 -173 0
-142 -174 0
-143 -175 0
-144 -176 0
-137 -177 0
-138 -178 0
-139 -179 0
-140 -180 0
-141 -181 0
-142 -182 0
-143 -183 0
-144 -184 0
-137 -193 0
-138 -194 0
-139 -195 0
-140 -196 0
-141 -197 0
-142 -198 0
-143 -199 0
-144 -200 0
-137 -201 0
-138 -202 0
-139 -203 0
-140 -204 0
-141 -205 0
-142 -206 0
-143 -207 0
-144 -208 0
-137 -209 0
-138 -210 0
-139 -211 0
-140 -212 0
-141 -213 0
-142 -214 0
-143 -215 0
-144 -216 0
-137 -225 0
-138 -226 0
-139 -227 0
-140 -228 0
-141 -229 0
-142 -230 0
-143 -231 0
-144 -232 0
-137 -241 0
-138 -242 0
-139 -243 0
-140 -244 0
-141 -245 0
-142 -246 0
-143 -247 0
-144 -248 0
-137 -249 0
-138 -250 0
-139 -251 0
-140 -252 0
-141 -253 0
-142 -254 0
-143 -255 0
-144 -256 0
-137 -257 0
-138 -258 0
-139 -259 0
-140 -260 0
-141 -261 0
-142 -262 0
-143 -263 0
-144 -264 0
-137 -273 0
-138 -274 0
-139 -275 0
-140 -276 0
-141 -277 0
-142 -278 0
-143 -279 0
-144 -280 0
-137 -289 0
-138 -290 0
-139 -291 0
-140 -292 0
-141 -293 0
-142 -294 0
-143 -295 0
-144 -296 0
-137 -297 0
-138 -298 0
-139 -299 0
-140 -300 0
-141 -301 0
-142 -302 0
-143 -303 0
-144 -304 0
-137 -305 0
-138 -306 0
-139 -307 0
-140 -308 0
-141 -309 0
-142 -310 0
-143 -311 0
-144 -312 0
-137 -321 0
-138 -322 0
-139 -323 0
-140 -324 0
-141 -325 0
-142 -326 0
-143 -327 0
-144 -328 0
-137 -329 0
-138 -330 0
-139 -331 0
-140 -332 0
-141 -333 0
-142 -334 0
-143 -335 0
-144 -336 0
-137 -337 0
-138 -338 0
-139 -339 0
-140 -340 0
-141 -341 0
-142 -342 0
-143 -343 0
-144 -344 0
-137 -345 0
-138 -346 0
-139 -347 0
-140 -348 0
-141 -349 0
-142 -350 0
-143 -351 0
-144 -352 0
-137 -369 0
-138 -370 0
-139 -371 0
-140 -372 0
-141 -373 0
-142 -374 0
-143 -375 0
-144 -376 0
-137 -377 0
-138 -378 0
-139 -379 0
-140 -380 0
-141 -381 0
-142 -382 0
-143 -383 0
-144 -384 0
-137 -385 0
-138 -386 0
-139 -387 0
-140 -388 0
-141 -389 0
-142 -390 0
-143 -391 0
-144 -392 0
-137 -393 0
-138 -394 0
-139 -395 0
-140 -396 0
-141 -397 0
-142 -398 0
-143 -399 0
-144 -400 0
-145 -153 0
-146 -154 0
-147 -155 0
-148 -156 0
-149 -157 0
-150 -158 0
-151 -159 0
-152 -160 0
-145 -177 0
-146 -178 0
-147 -179 0
-148 -180 0
-149 -181 0
-150 -182 0
-151 -183 0
-152 -184 0
-145 -185 0
-146 -186 0
-147 -187 0
-148 -188 0
-149 -189 0
-150 -190 0
-151 -191 0
-152 -192 0
-145 -193 0
-146 -194 0
-147 -195 0
-148 -196 0
-149 -197 0
-150 -198 0
-151 -199 0
-152 -200 0
-145 -201 0
-146 -202 0
-147 -203 0
-148 -204 0
-149 -205 0
-150 -206 0
-151 -207 0
-152 -208 0
-145 -217 0
-146 -218 0
-147 -219 0
-148 -220 0
-149 -221 0
-150 -222 0
-151 -223 0
-152 -224 0
-145 -225 0
-146 -226 0
-147 -227 0
-148 -228 0
-149 -229 0
-150 -230 0
-151 -231 0
-152 -232 0
-145 -233 0
-146 -234 0
-147 -235 0
-148 -236 0
-149 -237 0
-150 -238 0
-151 -239 0
-152 -240 0
-145 -241 0
-146 -242 0
-147 -243 0
-148 -244 0
-149 -245 0
-150 -246 0
-151 -247 0
-152 -248 0
-145 -249 0
-146 -250 0
-147 -251 0
-148 -252 0
-149 -253 0
-150 -254 0
-151 -255 0
-152 -256 0
-145 -257 0
-146 -258 0
-147 -259 0
-148 -260 0
-149 -261 0
-150 -262 0
-151 -263 0
-152 -264 0
-145 -265 0
-146 -266 0
-147 -267 0
-148 -268 0
-149 -269 0
-150 -270 0
-151 -271 0
-152 -272 0
-145 -273 0
-146 -274 0
-147 -275 0
-148 -276 0
-149 -277 0
-150 -278 0
-151 -279 0
-152 -280 0
-145 -281 0
-146 -282 0
-147 -283 0
-148 -284 0
-149 -285 0
-150 -286 0
-151 -287 0
-152 -288 0
-145 -289 0
-146 -290 0
-147 -291 0
-148 -292 0
-149 -293 0
-150 -294 0
-151 -295 0
-152 -296 0
-145 -297 0
-146 -298 0
-147 -299 0
-148 -300 0
-149 -301 0
-150 -302 0
-151 -303 0
-152 -304 0
-145 -313 0
-146 -314 0
-147 -315 0
-148 -316 0
-149 -317 0
-150 -318 0
-151 -319 0
-152 -320 0
-145 -329 0
-146 -330 0
-147 -331 0
-148 -332 0
-149 -333 0
-150 -334 0
-151 -335 0
-152 -336 0
-145 -337 0
-146 -338 0
-147 -339 0
-148 -340 0
-149 -341 0
-150 -342 0
-151 -343 0
-152 -344 0
-145 -345 0
-146 -346 0
-147 -347 0
-148 -348 0
-149 -349 0
-150 -350 0
-151 -351 0
-152 -352 0
-145 -353 0
-146 -354 0
-147 -355 0
-148 -356 0
-149 -357 0
-150 -358 0
-151 -359 0
-152 -360 0
-145 -361 0
-146 -362 0
-147 -363 0
-148 -364 0
-149 -365 0
-150 -366 0
-151 -367 0
-152 -368 0
-145 -369 0
-146 -370 0
-147 -371 0
-148 -372 0
-149 -373 0
-150 -374 0
-151 -375 0
-152 -376 0
-145 -377 0
-146 -378 0
-147 -379 0
-148 -380 0
-149 -381 0
-150 -382 0
-151 -383 0
-152 -384 0
-145 -385 0
-146 -386 0
-147 -387 0
-148 -388 0
-149 -389 0
-150 -390 0
-151 -391 0
-152 -392 0
-153 -161 0
-154 -162 0
-155 -163 0
-156 -164 0
-157 -165 0
-158 -166 0
-159 -167 0
-160 -168 0
-153 -169 0
-154 -170 0
-155 -171 0
-156 -172 0
-157 -173 0
-158 -174 0
-159 -175 0
-160 -176 0
-153 -177 0
-154 -178 0
-155 -179 0
-156 -180 0
-157 -181 0
-158 -182 0
-159 -183 0
-160 -184 0
-153 -185 0
-154 -186 0
-155 -187 0
-156 -188 0
-157 -189 0
-158 -190 0
-159 -191 0
-160 -192 0
-153 -193 0
-154 -194 0
-155 -195 0
-156 -196 0
-157 -197 0
-158 -198 0
-159 -199 0
-160 -200 0
-153 -201 0
-154 -202 0
-155 -203 0
-156 -204 0
-157 -205 0
-158 -206 0
-159 -207 0
-160 -208 0
-153 -217 0
-154 -218 0
-155 -219 0
-156 -220 0
-157 -221 0
-158 -222 0
-159 -223 0
-160 -224 0
-153 -225 0
-154 -226 0
-155 -227 0
-156 -228 0
-157 -229 0
-158 -230 0
-159 -231 0
-160 -232 0
-153 -233 0
-154 -234 0
-155 -235 0
-156 -236 0
-157 -237 0
-158 -238 0
-159 -239 0
-160 -240 0
-153 -241 0
-154 -242 0
-155 -243 0
-156 -244 0
-157 -245 0
-158 -246 0
-159 -247 0
-160 -248 0
-153 -249 0
-154 -250 0
-155 -251 0
-156 -252 0
-157 -253 0
-158 -254 0
-159 -255 0
-160 -256 0
-153 -265 0
-154 -266 0
-155 -267 0
-156 -268 0
-157 -269 0
-158 -270 0
-159 -271 0
-160 -272 0
-153 -281 0
-154 -282 0
-155 -283 0
-156 -284 0
-157 -285 0
-158 -286 0
-159 -287 0
-160 -288 0
-153 -289 0
-154 -290 0
-155 -291 0
-156 -292 0
-157 -293 0
-158 -294 0
-159 -295 0
-160 -296 0
-153 -297 0
-154 -298 0
-155 -299 0
-156 -300 0
-157 -301 0
-158 -302 0
-159 -303 0
-160 -304 0
-153 -305 0
-154 -306 0
-155 -307 0
-156 -308 0
-157 -309 0
-158 -310 0
-159 -311 0
-160 -312 0
-153 -313 0
-154 -314 0
-155 -315 0
-156 -316 0
-157 -317 0
-158 -318 0
-159 -319 0
-160 -320 0
-153 -321 0
-154 -322 0
-155 -323 0
-156 -324 0
-157 -325 0
-158 -326 0
-159 -327 0
-160 -328 0
-153 -329 0
-154 -330 0
-155 -331 0
-156 -332 0
-157 -333 0
-158 -334 0
-159 -335 0
-160 -336 0
-153 -337 0
-154 -338 0
-155 -339 0
-156 -340 0
-157 -341 0
-158 -342 0
-159 -343 0
-160 -344 0
-153 -353 0
-154 -354 0
-155 -355 0
-156 -356 0
-157 -357 0
-158 -358 0
-159 -359 0
-160 -360 0
-153 -361 0
-154 -362 0
-155 -363 0
-156 -364 0
-157 -365 0
-158 -366 0
-159 -367 0
-160 -368 0
-153 -377 0
-154 -378 0
-155 -379 0
-156 -380 0
-157 -381 0
-158 -382 0
-159 -383 0
-160 -384 0
-153 -385 0
-154 -386 0
-155 -387 0
-156 -388 0
-157 -389 0
-158 -390 0
-159 -391 0
-160 -392 0
-153 -393 0
-154 -394 0
-155 -395 0
-156 -396 0
-157 -397 0
-158 -398 0
-159 -399 0
-160 -400 0
-161 -169 0
-162 -170 0
-163 -171 0
-164 -172 0
-165 -173 0
-166 -174 0
-167 -175 0
-168 -176 0
-161 -177 0
-162 -178 0
-163 -179 0
-164 -180 0
-165 -181 0
-166 -182 0
-167 -183 0
-168 -184 0
-161 -209 0
-162 -210 0
-163 -211 0
-164 -212 0
-165 -213 0
-166 -214 0
-167 -215 0
-168 -216 0
-161 -217 0
-162 -218 0
-163 -219 0
-164 -220 0
-165 -221 0
-166 -222 0
-167 -223 0
-168 -224 0
-161 -233 0
-162 -234 0
-163 -235 0
-164 -236 0
-165 -237 0
-166 -238 0
-167 -239 0
-168 -240 0
-161 -241 0
-162 -242 0
-163 -243 0
-164 -244 0
-165 -245 0
-166 -246 0
-167 -247 0
-168 -248 0
-161 -249 0
-162 -250 0
-163 -251 0
-164 -252 0
-165 -253 0
-166 -254 0
-167 -255 0
-168 -256 0
-161 -257 0
-162 -258 0
-163 -259 0
-164 -260 0
-165 -261 0
-166 -262 0
-167 -263 0
-168 -264 0
-161 -289 0
-162 -290 0
-163 -291 0
-164 -292 0
-165 -293 0
-166 -294 0
-167 -295 0
-168 -296 0
-161 -297 0
-162 -298 0
-163 -299 0
-164 -300 0
-165 -301 0
-166 -302 0
-167 -303 0
-168 -304 0
-161 -305 0
-162 -306 0
-163 -307 0
-164 -308 0
-165 -309 0
-166 -310 0
-167 -311 0
-168 -312 0
-161 -321 0
-162 -322 0
-163 -323 0
-164 -324 0
-165 -325 0
-166 -326 0
-167 -327 0
-168 -328 0
-161 -337 0
-162 -338 0
-163 -339 0
-164 -340 0
-165 -341 0
-166 -342 0
-167 -343 0
-168 -344 0
-161 -345 0
-162 -346 0
-163 -347 0
-164 -348 0
-165 -349 0
-166 -350 0
-167 -351 0
-168 -352 0
-161 -353 0
-162 -354 0
-163 -355 0
-164 -356 0
-165 -357 0
-166 -358 0
-167 -359 0
-168 -360 0
-161 -361 0
-162 -362 0
-163 -363 0
-164 -364 0
-165 -365 0
-166 -366 0
-167 -367 0
-168 -368 0
-161 -369 0
-162 -370 0
-163 -371 0
-164 -372 0
-165 -373 0
-166 -374 0
-167 -375 0
-168 -376 0
-161 -385 0
-162 -386 0
-163 -387 0
-164 -388 0
-165 -389 0
-166 -390 0
-167 -391 0
-168 -392 0
-169 -185 0
-170 -186 0
-171 -187 0
-172 -188 0
-173 -189 0
-174 -190 0
-175 -191 0
-176 -192 0
-169 -193 0
-170 -194 0
-171 -195 0
-172 -196 0
-173 -197 0
-174 -198 0
-175 -199 0
-176 -200 0
-169 -201 0
-170 -202 0
-171 -203 0
-172 -204 0
-173 -205 0
-174 -206 0
-175 -207 0
-176 -208 0
-169 -217 0
-170 -218 0
-171 -219 0
-172 -220 0
-173 -221 0
-174 -222 0
-175 -223 0
-176 -224 0
-169 -225 0
-170 -226 0
-171 -227 0
-172 -228 0
-173 -229 0
-174 -230 0
-175 -231 0
-176 -232 0
-169 -233 0
-170 -234 0
-171 -235 0
-172 -236 0
-173 -237 0
-174 -238 0
-175 -239 0
-176 -240 0
-169 -241 0
-170 -242 0
-171 -243 0
-172 -244 0
-173 -245 0
-174 -246 0
-175 -247 0
-176 -248 0
-169 -257 0
-170 -258 0
-171 -259 0
-172 -260 0
-173 -261 0
-174 -262 0
-175 -263 0
-176 -264 0
-169 -265 0
-170 -266 0
-171 -267 0
-172 -268 0
-173 -269 0
-174 -270 0
-175 -271 0
-176 -272 0
-169 -281 0
-170 -282 0
-171 -283 0
-172 -284 0
-173 -285 0
-174 -286 0
-175 -287 0
-176 -288 0
-169 -289 0
-170 -290 0
-171 -291 0
-172 -292 0
-173 -293 0
-174 -294 0
-175 -295 0
-176 -296 0
-169 -297 0
-170 -298 0
-171 -299 0
-172 -300 0
-173 -301 0
-174 -302 0
-175 -303 0
-176 -304 0
-169 -305 0
-170 -306 0
-171 -307 0
-172 -308 0
-173 -309 0
-174 -310 0
-175 -311 0
-176 -312 0
-169 -313 0
-170 -314 0
-171 -315 0
-172 -316 0
-173 -317 0
-174 -318 0
-175 -319 0
-176 -320 0
-169 -321 0
-170 -322 0
-171 -323 0
-172 -324 0
-173 -325 0
-174 -326 0
-175 -327 0
-176 -328 0
-169 -329 0
-170 -330 0
-171 -331 0
-172 -332 0
-173 -333 0
-174 -334 0
-175 -335 0
-176 -336 0
-169 -345 0
-170 -346 0
-171 -347 0
-172 -348 0
-173 -349 0
-174 -350 0
-175 -351 0
-176 -352 0
-169 -353 0
-170 -354 0
-171 -355 0
-172 -356 0
-173 -357 0
-174 -358 0
-175 -359 0
-176 -360 0
-169 -361 0
-170 -362 0
-171 -363 0
-172 -364 0
-173 -365 0
-174 -366 0
-175 -367 0
-176 -368 0
-169 -369 0
-170 -370 0
-171 -371 0
-172 -372 0
-173 -373 0
-174 -374 0
-175 -375 0
-176 -376 0
-169 -377 0
-170 -378 0
-171 -379 0
-172 -380 0
-173 -381 0
-174 -382 0
-175 -383 0
-176 -384 0
-169 -385 0
-170 -386 0
-171 -387 0
-172 -388 0
-173 -389 0
-174 -390 0
-175 -391 0
-176 -392 0
-169 -393 0
-170 -394 0
-171 -395 0
-172 -396 0
-173 -397 0
-174 -398 0
-175 -399 0
-176 -400 0
-177 -185 0
-178 -186 0
-179 -187 0
-180 -188 0
-181 -189 0
-182 -190 0
-183 -191 0
-184 -192 0
-177 -193 0
-178 -194 0
-179 -195 0
-180 -196 0
-181 -197 0
-182 -198 0
-183 -199 0
-184 -200 0
-177 -201 0
-178 -202 0
-179 -203 0
-180 -204 0
-181 -205 0
-182 -206 0
-183 -207 0
-184 -208 0
-177 -209 0
-178 -210 0
-179 -211 0
-180 -212 0
-181 -213 0
-182 -214 0
-183 -215 0
-184 -216 0
-177 -217 0
-178 -218 0
-179 -219 0
-180 -220 0
-181 -221 0
-182 -222 0
-183 -223 0
-184 -224 0
-177 -241 0
-178 -242 0
-179 -243 0
-180 -244 0
-181 -245 0
-182 -246 0
-183 -247 0
-184 -248 0
-177 -249 0
-178 -250 0
-179 -251 0
-180 -252 0
-181 -253 0
-182 -254 0
-183 -255 0
-184 -256 0
-177 -257 0
-178 -258 0
-179 -259 0
-180 -260 0
-181 -261 0
-182 -262 0
-183 -263 0
-184 -264 0
-177 -265 0
-178 -266 0
-179 -267 0
-180 -268 0
-181 -269 0
-182 -270 0
-183 -271 0
-184 -272 0
-177 -281 0
-178 -282 0
-179 -283 0
-180 -284 0
-181 -285 0
-182 -286 0
-183 -287 0
-184 -288 0
-177 -289 0
-178 -290 0
-179 -291 0
-180 -292 0
-181 -293 0
-182 -294 0
-183 -295 0
-184 -296 0
-177 -297 0
-178 -298 0
-179 -299 0
-180 -300 0
-181 -301 0
-182 -302 0
-183 -303 0
-184 -304 0
-177 -305 0
-178 -306 0
-179 -307 0
-180 -308 0
-181 -309 0
-182 -310 0
-183 -311 0
-184 -312 0
-177 -313 0
-178 -314 0
-179 -315 0
-180 -316 0
-181 -317 0
-182 -318 0
-183 -319 0
-184 -320 0
-177 -321 0
-178 -322 0
-179 -323 0
-180 -324 0
-181 -325 0
-182 -326 0
-183 -327 0
-184 -328 0
-177 -329 0
-178 -330 0
-179 -331 0
-180 -332 0
-181 -333 0
-182 -334 0
-183 -335 0
-184 -336 0
-177 -337 0
-178 -338 0
-179 -339 0
-180 -340 0
-181 -341 0
-182 -342 0
-183 -343 0
-184 -344 0
-177 -345 0
-178 -346 0
-179 -347 0
-180 -348 0
-181 -349 0
-182 -350 0
-183 -351 0
-184 -352 0
-177 -361 0
-178 -362 0
-179 -363 0
-180 -364 0
-181 -365 0
-182 -366 0
-183 -367 0
-184 -368 0
-177 -369 0
-178 -370 0
-179 -371 0
-180 -372 0
-181 -373 0
-182 -374 0
-183 -375 0
-184 -376 0
-177 -377 0
-178 -378 0
-179 -379 0
-180 -380 0
-181 -381 0
-182 -382 0
-183 -383 0
-184 -384 0
-177 -385 0
-178 -386 0
-179 -387 0
-180 -388 0
-181 -389 0
-182 -390 0
-183 -391 0
-184 -392 0
-185 -193 0
-186 -194 0
-187 -195 0
-188 -196 0
-189 -197 0
-190 -198 0
-191 -199 0
-192 -200 0
-185 -201 0
-186 -202 0
-187 -203 0
-188 -204 0
-189 -205 0
-190 -206 0
-191 -207 0
-192 -208 0
-185 -233 0
-186 -234 0
-187 -235 0
-188 -236 0
-189 -237 0
-190 -238 0
-191 -239 0
-192 -240 0
-185 -249 0
-186 -250 0
-187 -251 0
-188 -252 0
-189 -253 0
-190 -254 0
-191 -255 0
-192 -256 0
-185 -257 0
-186 -258 0
-187 -259 0
-188 -260 0
-189 -261 0
-190 -262 0
-191 -263 0
-192 -264 0
-185 -265 0
-186 -266 0
-187 -267 0
-188 -268 0
-189 -269 0
-190 -270 0
-191 -271 0
-192 -272 0
-185 -281 0
-186 -282 0
-187 -283 0
-188 -284 0
-189 -285 0
-190 -286 0
-191 -287 0
-192 -288 0
-185 -289 0
-186 -290 0
-187 -291 0
-188 -292 0
-189 -293 0
-190 -294 0
-191 -295 0
-192 -296 0
-185 -297 0
-186 -298 0
-187 -299 0
-188 -300 0
-189 -301 0
-190 -302 0
-191 -303 0
-192 -304 0
-185 -305 0
-186 -306 0
-187 -307 0
-188 -308 0
-189 -309 0
-190 -310 0
-191 -311 0
-192 -312 0
-185 -329 0
-186 -330 0
-187 -331 0
-188 -332 0
-189 -333 0
-190 -334 0
-191 -335 0
-192 -336 0
-185 -337 0
-186 -338 0
-187 -339 0
-188 -340 0
-189 -341 0
-190 -342 0
-191 -343 0
-192 -344 0
-185 -345 0
-186 -346 0
-187 -347 0
-188 -348 0
-189 -349 0
-190 -350 0
-191 -351 0
-192 -352 0
-185 -353 0
-186 -354 0
-187 -355 0
-188 -356 0
-189 -357 0
-190 -358 0
-191 -359 0
-192 -360 0
-185 -369 0
-186 -370 0
-187 -371 0
-188 -372 0
-189 -373 0
-190 -374 0
-191 -375 0
-192 -376 0
-185 -377 0
-186 -378 0
-187 -379 0
-188 -380 0
-189 -381 0
-190 -382 0
-191 -383 0
-192 -384 0
-185 -385 0
-186 -386 0
-187 -387 0
-188 -388 0
-189 -389 0
-190 -390 0
-191 -391 0
-192 -392 0
-185 -393 0
-186 -394 0
-187 -395 0
-188 -396 0
-189 -397 0
-190 -398 0
-191 -399 0
-192 -400 0
-193 -209 0
-194 -210 0
-195 -211 0
-196 -212 0
-197 -213 0
-198 -214 0
-199 -215 0
-200 -216 0
-193 -217 0
-194 -218 0
-195 -219 0
-196 -220 0
-197 -221 0
-198 -222 0
-199 -223 0
-200 -224 0
-193 -225 0
-194 -226 0
-195 -227 0
-196 -228 0
-197 -229 0
-198 -230 0
-199 -231 0
-200 -232 0
-193 -233 0
-194 -234 0
-195 -235 0
-196 -236 0
-197 -237 0
-198 -238 0
-199 -239 0
-200 -240 0
-193 -249 0
-194 -250 0
-195 -251 0
-196 -252 0
-197 -253 0
-198 -254 0
-199 -255 0
-200 -256 0
-193 -257 0
-194 -258 0
-195 -259 0
-196 -260 0
-197 -261 0
-198 -262 0
-199 -263 0
-200 -264 0
-193 -281 0
-194 -282 0
-195 -283 0
-196 -284 0
-197 -285 0
-198 -286 0
-199 -287 0
-200 -288 0
-193 -289 0
-194 -290 0
-195 -291 0
-196 -292 0
-197 -293 0
-198 -294 0
-199 -295 0
-200 -296 0
-193 -297 0
-194 -298 0
-195 -299 0
-196 -300 0
-197 -301 0
-198 -302 0
-199 -303 0
-200 -304 0
-193 -305 0
-194 -306 0
-195 -307 0
-196 -308 0
-197 -309 0
-198 -310 0
-199 -311 0
-200 -312 0
-193 -321 0
-194 -322 0
-195 -323 0
-196 -324 0
-197 -325 0
-198 -326 0
-199 -327 0
-200 -328 0
-193 -329 0
-194 -330 0
-195 -331 0
-196 -332 0
-197 -333 0
-198 -334 0
-199 -335 0
-200 -336 0
-193 -337 0
-194 -338 0
-195 -339 0
-196 -340 0
-197 -341 0
-198 -342 0
-199 -343 0
-200 -344 0
-193 -345 0
-194 -346 0
-195 -347 0
-196 -348 0
-197 -349 0
-198 -350 0
-199 -351 0
-200 -352 0
-193 -353 0
-194 -354 0
-195 -355 0
-196 -356 0
-197 -357 0
-198 -358 0
-199 -359 0
-200 -360 0
-193 -369 0
-194 -370 0
-195 -371 0
-196 -372 0
-197 -373 0
-198 -374 0
-199 -375 0
-200 -376 0
-193 -377 0
-194 -378 0
-195 -379 0
-196 -380 0
-197 -381 0
-198 -382 0
-199 -383 0
-200 -384 0
-193 -385 0
-194 -386 0
-195 -387 0
-196 -388 0
-197 -389 0
-198 -390 0
-199 -391 0
-200 -392 0
-193 -393 0
-194 -394 0
-195 -395 0
-196 -396 0
-197 -397 0
-198 -398 0
-199 -399 0
-200 -400 0
-201 -209 0
-202 -210 0
-203 -211 0
-204 -212 0
-205 -213 0
-206 -214 0
-207 -215 0
-208 -216 0
-201 -217 0
-202 -218 0
-203 -219 0
-204 -220 0
-205 -221 0
-206 -222 0
-207 -223 0
-208 -224 0
-201 -225 0
-202 -226 0
-203 -227 0
-204 -228 0
-205 -229 0
-206 -230 0
-207 -231 0
-208 -232 0
-201 -249 0
-202 -250 0
-203 -251 0
-204 -252 0
-205 -253 0
-206 -254 0
-207 -255 0
-208 -256 0
-201 -257 0
-202 -258 0
-203 -259 0
-204 -260 0
-205 -261 0
-206 -262 0
-207 -263 0
-208 -264 0
-201 -265 0
-202 -266 0
-203 -267 0
-204 -268 0
-205 -269 0
-206 -270 0
-207 -271 0
-208 -272 0
-201 -273 0
-202 -274 0
-203 -275 0
-204 -276 0
-205 -277 0
-206 -278 0
-207 -279 0
-208 -280 0
-201 -297 0
-202 -298 0
-203 -299 0
-204 -300 0
-205 -301 0
-206 -302 0
-207 -303 0
-208 -304 0
-201 -329 0
-202 -330 0
-203 -331 0
-204 -332 0
-205 -333 0
-206 -334 0
-207 -335 0
-208 -336 0
-201 -345 0
-202 -346 0
-203 -347 0
-204 -348 0
-205 -349 0
-206 -350 0
-207 -351 0
-208 -352 0
-201 -353 0
-202 -354 0
-203 -355 0
-204 -356 0
-205 -357 0
-206 -358 0
-207 -359 0
-208 -360 0
-201 -369 0
-202 -370 0
-203 -371 0
-204 -372 0
-205 -373 0
-206 -374 0
-207 -375 0
-208 -376 0
-201 -377 0
-202 -378 0
-203 -379 0
-204 -380 0
-205 -381 0
-206 -382 0
-207 -383 0
-208 -384 0
-201 -385 0
-202 -386 0
-203 -387 0
-204 -388 0
-205 -389 0
-206 -390 0
-207 -391 0
-208 -392 0
-201 -393 0
-202 -394 0
-203 -395 0
-204 -396 0
-205 -397 0
-206 -398 0
-207 -399 0
-208 -400 0
-209 -217 0
-210 -218 0
-211 -219 0
-212 -220 0
-213 -221 0
-214 -222 0
-215 -223 0
-216 -224 0
-209 -241 0
-210 -242 0
-211 -243 0
-212 -244 0
-213 -245 0
-214 -246 0
-215 -247 0
-216 -248 0
-209 -257 0
-210 -258 0
-211 -259 0
-212 -260 0
-213 -261 0
-214 -262 0
-215 -263 0
-216 -264 0
-209 -273 0
-210 -274 0
-211 -275 0
-212 -276 0
-213 -277 0
-214 -278 0
-215 -279 0
-216 -280 0
-209 -281 0
-210 -282 0
-211 -283 0
-212 -284 0
-213 -285 0
-214 -286 0
-215 -287 0
-216 -288 0
-209 -289 0
-210 -290 0
-211 -291 0
-212 -292 0
-213 -293 0
-214 -294 0
-215 -295 0
-216 -296 0
-209 -297 0
-210 -298 0
-211 -299 0
-212 -300 0
-213 -301 0
-214 -302 0
-215 -303 0
-216 -304 0
-209 -305 0
-210 -306 0
-211 -307 0
-212 -308 0
-213 -309 0
-214 -310 0
-215 -311 0
-216 -312 0
-209 -321 0
-210 -322 0
-211 -323 0
-212 -324 0
-213 -325 0
-214 -326 0
-215 -327 0
-216 -328 0
-209 -329 0
-210 -330 0
-211 -331 0
-212 -332 0
-213 -333 0
-214 -334 0
-215 -335 0
-216 -336 0
-209 -337 0
-210 -338 0
-211 -339 0
-212 -340 0
-213 -341 0
-214 -342 0
-215 -343 0
-216 -344 0
-209 -345 0
-210 -346 0
-211 -347 0
-212 -348 0
-213 -349 0
-214 -350 0
-215 -351 0
-216 -352 0
-209 -353 0
-210 -354 0
-211 -355 0
-212 -356 0
-213 -357 0
-214 -358 0
-215 -359 0
-216 -360 0
-209 -361 0
-210 -362 0
-211 -363 0
-212 -364 0
-213 -365 0
-214 -366 0
-215 -367 0
-216 -368 0
-209 -369 0
-210 -370 0
-211 -371 0
-212 -372 0
-213 -373 0
-214 -374 0
-215 -375 0
-216 -376 0
-209 -377 0
-210 -378 0
-211 -379 0
-212 -380 0
-213 -381 0
-214 -382 0
-215 -383 0
-216 -384 0
-209 -393 0
-210 -394 0
-211 -395 0
-212 -396 0
-213 -397 0
-214 -398 0
-215 -399 0
-216 -400 0
-217 -225 0
-218 -226 0
-219 -227 0
-220 -228 0
-221 -229 0
-222 -230 0
-223 -231 0
-224 -232 0
-217 -249 0
-218 -250 0
-219 -251 0
-220 -252 0
-221 -253 0
-222 -254 0
-223 -255 0
-224 -256 0
-217 -257 0
-218 -258 0
-219 -259 0
-220 -260 0
-221 -261 0
-222 -262 0
-223 -263 0
-224 -264 0
-217 -265 0
-218 -266 0
-219 -267 0
-220 -268 0
-221 -269 0
-222 -270 0
-223 -271 0
-224 -272 0
-217 -281 0
-218 -282 0
-219 -283 0
-220 -284 0
-221 -285 0
-222 -286 0
-223 -287 0
-224 -288 0
-217 -289 0
-218 -290 0
-219 -291 0
-220 -292 0
-221 -293 0
-222 -294 0
-223 -295 0
-224 -296 0
-217 -297 0
-218 -298 0
-219 -299 0
-220 -300 0
-221 -301 0
-222 -302 0
-223 -303 0
-224 -304 0
-217 -305 0
-218 -306 0
-219 -307 0
-220 -308 0
-221 -309 0
-222 -310 0
-223 -311 0
-224 -312 0
-217 -313 0
-218 -314 0
-219 -315 0
-220 -316 0
-221 -317 0
-222 -318 0
-223 -319 0
-224 -320 0
-217 -321 0
-218 -322 0
-219 -323 0
-220 -324 0
-221 -325 0
-222 -326 0
-223 -327 0
-224 -328 0
-217 -329 0
-218 -330 0
-219 -331 0
-220 -332 0
-221 -333 0
-222 -334 0
-223 -335 0
-224 -336 0
-217 -337 0
-218 -338 0
-219 -339 0
-220 -340 0
-221 -341 0
-222 -342 0
-223 -343 0
-224 -344 0
-217 -353 0
-218 -354 0
-219 -355 0
-220 -356 0
-221 -357 0
-222 -358 0
-223 -359 0
-224 -360 0
-217 -361 0
-218 -362 0
-219 -363 0
-220 -364 0
-221 -365 0
-222 -366 0
-223 -367 0
-224 -368 0
-217 -369 0
-218 -370 0
-219 -371 0
-220 -372 0
-221 -373 0
-222 -374 0
-223 -375 0
-224 -376 0
-217 -377 0
-218 -378 0
-219 -379 0
-220 -380 0
-221 -381 0
-222 -382 0
-223 -383 0
-224 -384 0
-217 -385 0
-218 -386 0
-219 -387 0
-220 -388 0
-221 -389 0
-222 -390 0
-223 -391 0
-224 -392 0
-225 -241 0
-226 -242 0
-227 -243 0
-228 -244 0
-229 -245 0
-230 -246 0
-231 -247 0
-232 -248 0
-225 -257 0
-226 -258 0
-227 -259 0
-228 -260 0
-229 -261 0
-230 -262 0
-231 -263 0
-232 -264 0
-225 -265 0
-226 -266 0
-227 -267 0
-228 -268 0
-229 -269 0
-230 -270 0
-231 -271 0
-232 -272 0
-225 -273 0
-226 -274 0
-227 -275 0
-228 -276 0
-229 -277 0
-230 -278 0
-231 -279 0
-232 -280 0
-225 -281 0
-226 -282 0
-227 -283 0
-228 -284 0
-229 -285 0
-230 -286 0
-231 -287 0
-232 -288 0
-225 -297 0
-226 -298 0
-227 -299 0
-228 -300 0
-229 -301 0
-230 -302 0
-231 -303 0
-232 -304 0
-225 -305 0
-226 -306 0
-227 -307 0
-228 -308 0
-229 -309 0
-230 -310 0
-231 -311 0
-232 -312 0
-225 -313 0
-226 -314 0
-227 -315 0
-228 -316 0
-229 -317 0
-230 -318 0
-231 -319 0
-232 -320 0
-225 -329 0
-226 -330 0
-227 -331 0
-228 -332 0
-229 -333 0
-230 -334 0
-231 -335 0
-232 -336 0
-225 -337 0
-226 -338 0
-227 -339 0
-228 -340 0
-229 -341 0
-230 -342 0
-231 -343 0
-232 -344 0
-225 -353 0
-226 -354 0
-227 -355 0
-228 -356 0
-229 -357 0
-230 -358 0
-231 -359 0
-232 -360 0
-225 -361 0
-226 -362 0
-227 -363 0
-228 -364 0
-229 -365 0
-230 -366 0
-231 -367 0
-232 -368 0
-225 -369 0
-226 -370 0
-227 -371 0
-228 -372 0
-229 -373 0
-230 -374 0
-231 -375 0
-232 -376 0
-225 -385 0
-226 -386 0
-227 -387 0
-228 -388 0
-229 -389 0
-230 -390 0
-231 -391 0
-232 -392 0
-233 -241 0
-234 -242 0
-235 -243 0
-236 -244 0
-237 -245 0
-238 -246 0
-239 -247 0
-240 -248 0
-233 -249 0
-234 -250 0
-235 -251 0
-236 -252 0
-237 -253 0
-238 -254 0
-239 -255 0
-240 -256 0
-233 -265 0
-234 -266 0
-235 -267 0
-236 -268 0
-237 -269 0
-238 -270 0
-239 -271 0
-240 -272 0
-233 -273 0
-234 -274 0
-235 -275 0
-236 -276 0
-237 -277 0
-238 -278 0
-239 -279 0
-240 -280 0
-233 -281 0
-234 -282 0
-235 -283 0
-236 -284 0
-237 -285 0
-238 -286 0
-239 -287 0
-240 -288 0
-233 -289 0
-234 -290 0
-235 -291 0
-236 -292 0
-237 -293 0
-238 -294 0
-239 -295 0
-240 -296 0
-233 -297 0
-234 -298 0
-235 -299 0
-236 -300 0
-237 -301 0
-238 -302 0
-239 -303 0
-240 -304 0
-233 -313 0
-234 -314 0
-235 -315 0
-236 -316 0
-237 -317 0
-238 -318 0
-239 -319 0
-240 -320 0
-233 -321 0
-234 -322 0
-235 -323 0
-236 -324 0
-237 -325 0
-238 -326 0
-239 -327 0
-240 -328 0
-233 -329 0
-234 -330 0
-235 -331 0
-236 -332 0
-237 -333 0
-238 -334 0
-239 -335 0
-240 -336 0
-233 -337 0
-234 -338 0
-235 -339 0
-236 -340 0
-237 -341 0
-238 -342 0
-239 -343 0
-240 -344 0
-233 -345 0
-234 -346 0
-235 -347 0
-236 -348 0
-237 -349 0
-238 -350 0
-239 -351 0
-240 -352 0
-233 -361 0
-234 -362 0
-235 -363 0
-236 -364 0
-237 -365 0
-238 -366 0
-239 -367 0
-240 -368 0
-233 -369 0
-234 -370 0
-235 -371 0
-236 -372 0
-237 -373 0
-238 -374 0
-239 -375 0
-240 -376 0
-233 -377 0
-234 -378 0
-235 -379 0
-236 -380 0
-237 -381 0
-238 -382 0
-239 -383 0
-240 -384 0
-233 -385 0
-234 -386 0
-235 -387 0
-236 -388 0
-237 -389 0
-238 -390 0
-239 -391 0
-240 -392 0
-233 -393 0
-234 -394 0
-235 -395 0
-236 -396 0
-237 -397 0
-238 -398 0
-239 -399 0
-240 -400 0
-241 -249 0
-242 -250 0
-243 -251 0
-244 -252 0
-245 -253 0
-246 -254 0
-247 -255 0
-248 -256 0
-241 -257 0
-242 -258 0
-243 -259 0
-244 -260 0
-245 -261 0
-246 -262 0
-247 -263 0
-248 -264 0
-241 -281 0
-242 -282 0
-243 -283 0
-244 -284 0
-245 -285 0
-246 -286 0
-247 -287 0
-248 -288 0
-241 -289 0
-242 -290 0
-243 -291 0
-244 -292 0
-245 -293 0
-246 -294 0
-247 -295 0
-248 -296 0
-241 -297 0
-242 -298 0
-243 -299 0
-244 -300 0
-245 -301 0
-246 -302 0
-247 -303 0
-248 -304 0
-241 -305 0
-242 -306 0
-243 -307 0
-244 -308 0
-245 -309 0
-246 -310 0
-247 -311 0
-248 -312 0
-241 -321 0
-242 -322 0
-243 -323 0
-244 -324 0
-245 -325 0
-246 -326 0
-247 -327 0
-248 -328 0
-241 -329 0
-242 -330 0
-243 -331 0
-244 -332 0
-245 -333 0
-246 -334 0
-247 -335 0
-248 -336 0
-241 -337 0
-242 -338 0
-243 -339 0
-244 -340 0
-245 -341 0
-246 -342 0
-247 -343 0
-248 -344 0
-241 -353 0
-242 -354 0
-243 -355 0
-244 -356 0
-245 -357 0
-246 -358 0
-247 -359 0
-248 -360 0
-241 -361 0
-242 -362 0
-243 -363 0
-244 -364 0
-245 -365 0
-246 -366 0
-247 -367 0
-248 -368 0
-241 -369 0
-242 -370 0
-243 -371 0
-244 -372 0
-245 -373 0
-246 -374 0
-247 -375 0
-248 -376 0
-241 -377 0
-242 -378 0
-243 -379 0
-244 -380 0
-245 -381 0
-246 -382 0
-247 -383 0
-248 -384 0
-241 -393 0
-242 -394 0
-243 -395 0
-244 -396 0
-245 -397 0
-246 -398 0
-247 -399 0
-248 -400 0
-249 -257 0
-250 -258 0
-251 -259 0
-252 -260 0
-253 -261 0
-254 -262 0
-255 -263 0
-256 -264 0
-249 -265 0
-250 -266 0
-251 -267 0
-252 -268 0
-253 -269 0
-254 -270 0
-255 -271 0
-256 -272 0
-249 -273 0
-250 -274 0
-251 -275 0
-252 -276 0
-253 -277 0
-254 -278 0
-255 -279 0
-256 -280 0
-249 -289 0
-250 -290 0
-251 -291 0
-252 -292 0
-253 -293 0
-254 -294 0
-255 -295 0
-256 -296 0
-249 -297 0
-250 -298 0
-251 -299 0
-252 -300 0
-253 -301 0
-254 -302 0
-255 -303 0
-256 -304 0
-249 -313 0
-250 -314 0
-251 -315 0
-252 -316 0
-253 -317 0
-254 -318 0
-255 -319 0
-256 -320 0
-249 -321 0
-250 -322 0
-251 -323 0
-252 -324 0
-253 -325 0
-254 -326 0
-255 -327 0
-256 -328 0
-249 -329 0
-250 -330 0
-251 -331 0
-252 -332 0
-253 -333 0
-254 -334 0
-255 -335 0
-256 -336 0
-249 -345 0
-250 -346 0
-251 -347 0
-252 -348 0
-253 -349 0
-254 -350 0
-255 -351 0
-256 -352 0
-249 -353 0
-250 -354 0
-251 -355 0
-252 -356 0
-253 -357 0
-254 -358 0
-255 -359 0
-256 -360 0
-249 -361 0
-250 -362 0
-251 -363 0
-252 -364 0
-253 -365 0
-254 -366 0
-255 -367 0
-256 -368 0
-249 -369 0
-250 -370 0
-251 -371 0
-252 -372 0
-253 -373 0
-254 -374 0
-255 -375 0
-256 -376 0
-249 -377 0
-250 -378 0
-251 -379 0
-252 -380 0
-253 -381 0
-254 -382 0
-255 -383 0
-256 -384 0
-249 -393 0
-250 -394 0
-251 -395 0
-252 -396 0
-253 -397 0
-254 -398 0
-255 -399 0
-256 -400 0
-257 -281 0
-258 -282 0
-259 -283 0
-260 -284 0
-261 -285 0
-262 -286 0
-263 -287 0
-264 -288 0
-257 -297 0
-258 -298 0
-259 -299 0
-260 -300 0
-261 -301 0
-262 -302 0
-263 -303 0
-264 -304 0
-257 -305 0
-258 -306 0
-259 -307 0
-260 -308 0
-261 -309 0
-262 -310 0
-263 -311 0
-264 -312 0
-257 -321 0
-258 -322 0
-259 -323 0
-260 -324 0
-261 -325 0
-262 -326 0
-263 -327 0
-264 -328 0
-257 -329 0
-258 -330 0
-259 -331 0
-260 -332 0
-261 -333 0
-262 -334 0
-263 -335 0
-264 -336 0
-257 -337 0
-258 -338 0
-259 -339 0
-260 -340 0
-261 -341 0
-262 -342 0
-263 -343 0
-264 -344 0
-257 -345 0
-258 -346 0
-259 -347 0
-260 -348 0
-261 -349 0
-262 -350 0
-263 -351 0
-264 -352 0
-257 -353 0
-258 -354 0
-259 -355 0
-260 -356 0
-261 -357 0
-262 -358 0
-263 -359 0
-264 -360 0
-257 -361 0
-258 -362 0
-259 -363 0
-260 -364 0
-261 -365 0
-262 -366 0
-263 -367 0
-264 -368 0
-257 -369 0
-258 -370 0
-259 -371 0
-260 -372 0
-261 -373 0
-262 -374 0
-263 -375 0
-264 -376 0
-257 -385 0
-258 -386 0
-259 -387 0
-260 -388 0
-261 -389 0
-262 -390 0
-263 -391 0
-264 -392 0
-257 -393 0
-258 -394 0
-259 -395 0
-260 -396 0
-261 -397 0
-262 -398 0
-263 -399 0
-264 -400 0
-265 -273 0
-266 -274 0
-267 -275 0
-268 -276 0
-269 -277 0
-270 -278 0
-271 -279 0
-272 -280 0
-265 -281 0
-266 -282 0
-267 -283 0
-268 -284 0
-269 -285 0
-270 -286 0
-271 -287 0
-272 -288 0
-265 -289 0
-266 -290 0
-267 -291 0
-268 -292 0
-269 -293 0
-270 -294 0
-271 -295 0
-272 -296 0
-265 -297 0
-266 -298 0
-267 -299 0
-268 -300 0
-269 -301 0
-270 -302 0
-271 -303 0
-272 -304 0
-265 -305 0
-266 -306 0
-267 -307 0
-268 -308 0
-269 -309 0
-270 -310 0
-271 -311 0
-272 -312 0
-265 -313 0
-266 -314 0
-267 -315 0
-268 -316 0
-269 -317 0
-270 -318 0
-271 -319 0
-272 -320 0
-265 -321 0
-266 -322 0
-267 -323 0
-268 -324 0
-269 -325 0
-270 -326 0
-271 -327 0
-272 -328 0
-265 -337 0
-266 -338 0
-267 -339 0
-268 -340 0
-269 -341 0
-270 -342 0
-271 -343 0
-272 -344 0
-265 -361 0
-266 -362 0
-267 -363 0
-268 -364 0
-269 -365 0
-270 -366 0
-271 -367 0
-272 -368 0
-265 -369 0
-266 -370 0
-267 -371 0
-268 -372 0
-269 -373 0
-270 -374 0
-271 -375 0
-272 -376 0
-265 -377 0
-266 -378 0
-267 -379 0
-268 -380 0
-269 -381 0
-270 -382 0
-271 -383 0
-272 -384 0
-265 -385 0
-266 -386 0
-267 -387 0
-268 -388 0
-269 -389 0
-270 -390 0
-271 -391 0
-272 -392 0
-265 -393 0
-266 -394 0
-267 -395 0
-268 -396 0
-269 -397 0
-270 -398 0
-271 -399 0
-272 -400 0
-273 -281 0
-274 -282 0
-275 -283 0
-276 -284 0
-277 -285 0
-278 -286 0
-279 -287 0
-280 -288 0
-273 -289 0
-274 -290 0
-275 -291 0
-276 -292 0
-277 -293 0
-278 -294 0
-279 -295 0
-280 -296 0
-273 -305 0
-274 -306 0
-275 -307 0
-276 -308 0
-277 -309 0
-278 -310 0
-279 -311 0
-280 -312 0
-273 -313 0
-274 -314 0
-275 -315 0
-276 -316 0
-277 -317 0
-278 -318 0
-279 -319 0
-280 -320 0
-273 -321 0
-274 -322 0
-275 -323 0
-276 -324 0
-277 -325 0
-278 -326 0
-279 -327 0
-280 -328 0
-273 -329 0
-274 -330 0
-275 -331 0
-276 -332 0
-277 -333 0
-278 -334 0
-279 -335 0
-280 -336 0
-273 -337 0
-274 -338 0
-275 -339 0
-276 -340 0
-277 -341 0
-278 -342 0
-279 -343 0
-280 -344 0
-273 -345 0
-274 -346 0
-275 -347 0
-276 -348 0
-277 -349 0
-278 -350 0
-279 -351 0
-280 -352 0
-273 -353 0
-274 -354 0
-275 -355 0
-276 -356 0
-277 -357 0
-278 -358 0
-279 -359 0
-280 -360 0
-273 -361 0
-274 -362 0
-275 -363 0
-276 -364 0
-277 -365 0
-278 -366 0
-279 -367 0
-280 -368 0
-273 -369 0
-274 -370 0
-275 -371 0
-276 -372 0
-277 -373 0
-278 -374 0
-279 -375 0
-280 -376 0
-273 -377 0
-274 -378 0
-275 -379 0
-276 -380 0
-277 -381 0
-278 -382 0
-279 -383 0
-280 -384 0
-273 -393 0
-274 -394 0
-275 -395 0
-276 -396 0
-277 -397 0
-278 -398 0
-279 -399 0
-280 -400 0
-281 -289 0
-282 -290 0
-283 -291 0
-284 -292 0
-285 -293 0
-286 -294 0
-287 -295 0
-288 -296 0
-281 -305 0
-282 -306 0
-283 -307 0
-284 -308 0
-285 -309 0
-286 -310 0
-287 -311 0
-288 -312 0
-281 -313 0
-282 -314 0
-283 -315 0
-284 -316 0
-285 -317 0
-286 -318 0
-287 -319 0
-288 -320 0
-281 -321 0
-282 -322 0
-283 -323 0
-284 -324 0
-285 -325 0
-286 -326 0
-287 -327 0
-288 -328 0
-281 -329 0
-282 -330 0
-283 -331 0
-284 -332 0
-285 -333 0
-286 -334 0
-287 -335 0
-288 -336 0
-281 -345 0
-282 -346 0
-283 -347 0
-284 -348 0
-285 -349 0
-286 -350 0
-287 -351 0
-288 -352 0
-281 -353 0
-282 -354 0
-283 -355 0
-284 -356 0
-285 -357 0
-286 -358 0
-287 -359 0
-288 -360 0
-281 -369 0
-282 -370 0
-283 -371 0
-284 -372 0
-285 -373 0
-286 -374 0
-287 -375 0
-288 -376 0
-281 -377 0
-282 -378 0
-283 -379 0
-284 -380 0
-285 -381 0
-286 -382 0
-287 -383 0
-288 -384 0
-281 -385 0
-282 -386 0
-283 -387 0
-284 -388 0
-285 -389 0
-286 -390 0
-287 -391 0
-288 -392 0
-289 -297 0
-290 -298 0
-291 -299 0
-292 -300 0
-293 -301 0
-294 -302 0
-295 -303 0
-296 -304 0
-289 -305 0
-290 -306 0
-291 -307 0
-292 -308 0
-293 -309 0
-294 -310 0
-295 -311 0
-296 -312 0
-289 -321 0
-290 -322 0
-291 -323 0
-292 -324 0
-293 -325 0
-294 -326 0
-295 -327 0
-296 -328 0
-289 -329 0
-290 -330 0
-291 -331 0
-292 -332 0
-293 -333 0
-294 -334 0
-295 -335 0
-296 -336 0
-289 -337 0
-290 -338 0
-291 -339 0
-292 -340 0
-293 -341 0
-294 -342 0
-295 -343 0
-296 -344 0
-289 -361 0
-290 -362 0
-291 -363 0
-292 -364 0
-293 -365 0
-294 -366 0
-295 -367 0
-296 -368 0
-289 -369 0
-290 -370 0
-291 -371 0
-292 -372 0
-293 -373 0
-294 -374 0
-295 -375 0
-296 -376 0
-289 -377 0
-290 -378 0
-291 -379 0
-292 -380 0
-293 -381 0
-294 -382 0
-295 -383 0
-296 -384 0
-289 -385 0
-290 -386 0
-291 -387 0
-292 -388 0
-293 -389 0
-294 -390 0
-295 -391 0
-296 -392 0
-289 -393 0
-290 -394 0
-291 -395 0
-292 -396 0
-293 -397 0
-294 -398 0
-295 -399 0
-296 -400 0
-297 -305 0
-298 -306 0
-299 -307 0
-300 -308 0
-301 -309 0
-302 -310 0
-303 -311 0
-304 -312 0
-297 -321 0
-298 -322 0
-299 -323 0
-300 -324 0
-301 -325 0
-302 -326 0
-303 -327 0
-304 -328 0
-297 -329 0
-298 -330 0
-299 -331 0
-300 -332 0
-301 -333 0
-302 -334 0
-303 -335 0
-304 -336 0
-297 -337 0
-298 -338 0
-299 -339 0
-300 -340 0
-301 -341 0
-302 -342 0
-303 -343 0
-304 -344 0
-297 -353 0
-298 -354 0
-299 -355 0
-300 -356 0
-301 -357 0
-302 -358 0
-303 -359 0
-304 -360 0
-297 -361 0
-298 -362 0
-299 -363 0
-300 -364 0
-301 -365 0
-302 -366 0
-303 -367 0
-304 -368 0
-297 -369 0
-298 -370 0
-299 -371 0
-300 -372 0
-301 -373 0
-302 -374 0
-303 -375 0
-304 -376 0
-297 -377 0
-298 -378 0
-299 -379 0
-300 -380 0
-301 -381 0
-302 -382 0
-303 -383 0
-304 -384 0
-297 -385 0
-298 -386 0
-299 -387 0
-300 -388 0
-301 -389 0
-302 -390 0
-303 -391 0
-304 -392 0
-297 -393 0
-298 -394 0
-299 -395 0
-300 -396 0
-301 -397 0
-302 -398 0
-303 -399 0
-304 -400 0
-305 -313 0
-306 -314 0
-307 -315 0
-308 -316 0
-309 -317 0
-310 -318 0
-311 -319 0
-312 -320 0
-305 -321 0
-306 -322 0
-307 -323 0
-308 -324 0
-309 -325 0
-310 -326 0
-311 -327 0
-312 -328 0
-305 -329 0
-306 -330 0
-307 -331 0
-308 -332 0
-309 -333 0
-310 -334 0
-311 -335 0
-312 -336 0
-305 -345 0
-306 -346 0
-307 -347 0
-308 -348 0
-309 -349 0
-310 -350 0
-311 -351 0
-312 -352 0
-305 -353 0
-306 -354 0
-307 -355 0
-308 -356 0
-309 -357 0
-310 -358 0
-311 -359 0
-312 -360 0
-305 -361 0
-306 -362 0
-307 -363 0
-308 -364 0
-309 -365 0
-310 -366 0
-311 -367 0
-312 -368 0
-305 -369 0
-306 -370 0
-307 -371 0
-308 -372 0
-309 -373 0
-310 -374 0
-311 -375 0
-312 -376 0
-305 -377 0
-306 -378 0
-307 -379 0
-308 -380 0
-309 -381 0
-310 -382 0
-311 -383 0
-312 -384 0
-305 -385 0
-306 -386 0
-307 -387 0
-308 -388 0
-309 -389 0
-310 -390 0
-311 -391 0
-312 -392 0
-305 -393 0
-306 -394 0
-307 -395 0
-308 -396 0
-309 -397 0
-310 -398 0
-311 -399 0
-312 -400 0
-313 -329 0
-314 -330 0
-315 -331 0
-316 -332 0
-317 -333 0
-318 -334 0
-319 -335 0
-320 -336 0
-313 -337 0
-314 -338 0
-315 -339 0
-316 -340 0
-317 -341 0
-318 -342 0
-319 -343 0
-320 -344 0
-313 -345 0
-314 -346 0
-315 -347 0
-316 -348 0
-317 -349 0
-318 -350 0
-319 -351 0
-320 -352 0
-313 -353 0
-314 -354 0
-315 -355 0
-316 -356 0
-317 -357 0
-318 -358 0
-319 -359 0
-320 -360 0
-313 -361 0
-314 -362 0
-315 -363 0
-316 -364 0
-317 -365 0
-318 -366 0
-319 -367 0
-320 -368 0
-313 -369 0
-314 -370 0
-315 -371 0
-316 -372 0
-317 -373 0
-318 -374 0
-319 -375 0
-320 -376 0
-313 -377 0
-314 -378 0
-315 -379 0
-316 -380 0
-317 -381 0
-318 -382 0
-319 -383 0
-320 -384 0
-313 -385 0
-314 -386 0
-315 -387 0
-316 -388 0
-317 -389 0
-318 -390 0
-319 -391 0
-320 -392 0
-313 -393 0
-314 -394 0
-315 -395 0
-316 -396 0
-317 -397 0
-318 -398 0
-319 -399 0
-320 -400 0
-321 -329 0
-322 -330 0
-323 -331 0
-324 -332 0
-325 -333 0
-326 -334 0
-327 -335 0
-328 -336 0
-321 -345 0
-322 -346 0
-323 -347 0
-324 -348 0
-325 -349 0
-326 -350 0
-327 -351 0
-328 -352 0
-321 -353 0
-322 -354 0
-323 -355 0
-324 -356 0
-325 -357 0
-326 -358 0
-327 -359 0
-328 -360 0
-321 -369 0
-322 -370 0
-323 -371 0
-324 -372 0
-325 -373 0
-326 -374 0
-327 -375 0
-328 -376 0
-321 -377 0
-322 -378 0
-323 -379 0
-324 -380 0
-325 -381 0
-326 -382 0
-327 -383 0
-328 -384 0
-321 -385 0
-322 -386 0
-323 -387 0
-324 -388 0
-325 -389 0
-326 -390 0
-327 -391 0
-328 -392 0
-329 -337 0
-330 -338 0
-331 -339 0
-332 -340 0
-333 -341 0
-334 -342 0
-335 -343 0
-336 -344 0
-329 -345 0
-330 -346 0
-331 -347 0
-332 -348 0
-333 -349 0
-334 -350 0
-335 -351 0
-336 -352 0
-329 -353 0
-330 -354 0
-331 -355 0
-332 -356 0
-333 -357 0
-334 -358 0
-335 -359 0
-336 -360 0
-329 -361 0
-330 -362 0
-331 -363 0
-332 -364 0
-333 -365 0
-334 -366 0
-335 -367 0
-336 -368 0
-329 -385 0
-330 -386 0
-331 -387 0
-332 -388 0
-333 -389 0
-334 -390 0
-335 -391 0
-336 -392 0
-329 -393 0
-330 -394 0
-331 -395 0
-332 -396 0
-333 -397 0
-334 -398 0
-335 -399 0
-336 -400 0
-337 -345 0
-338 -346 0
-339 -347 0
-340 -348 0
-341 -349 0
-342 -350 0
-343 -351 0
-344 -352 0
-337 -353 0
-338 -354 0
-339 -355 0
-340 -356 0
-341 -357 0
-342 -358 0
-343 -359 0
-344 -360 0
-337 -361 0
-338 -362 0
-339 -363 0
-340 -364 0
-341 -365 0
-342 -366 0
-343 -367 0
-344 -368 0
-337 -369 0
-338 -370 0
-339 -371 0
-340 -372 0
-341 -373 0
-342 -374 0
-343 -375 0
-344 -376 0
-337 -377 0
-338 -378 0
-339 -379 0
-340 -380 0
-341 -381 0
-342 -382 0
-343 -383 0
-344 -384 0
-337 -393 0
-338 -394 0
-339 -395 0
-340 -396 0
-341 -397 0
-342 -398 0
-343 -399 0
-344 -400 0
-345 -353 0
-346 -354 0
-347 -355 0
-348 -356 0
-349 -357 0
-350 -358 0
-351 -359 0
-352 -360 0
-345 -361 0
-346 -362 0
-347 -363 0
-348 -364 0
-349 -365 0
-350 -366 0
-351 -367 0
-352 -368 0
-345 -385 0
-346 -386 0
-347 -387 0
-348 -388 0
-349 -389 0
-350 -390 0
-351 -391 0
-352 -392 0
-345 -393 0
-346 -394 0
-347 -395 0
-348 -396 0
-349 -397 0
-350 -398 0
-351 -399 0
-352 -400 0
-353 -385 0
-354 -386 0
-355 -387 0
-356 -388 0
-357 -389 0
-358 -390 0
-359 -391 0
-360 -392 0
-353 -393 0
-354 -394 0
-355 -395 0
-356 -396 0
-357 -397 0
-358 -398 0
-359 -399 0
-360 -400 0
-361 -369 0
-362 -370 0
-363 -371 0
-364 -372 0
-365 -373 0
-366 -374 0
-367 -375 0
-368 -376 0
-361 -377 0
-362 -378 0
-363 -379 0
-364 -380 0
-365 -381 0
-366 -382 0
-367 -383 0
-368 -384 0
-361 -385 0
-362 -386 0
-363 -387 0
-364 -388 0
-365 -389 0
-366 -390 0
-367 -391 0
-368 -392 0
-361 -393 0
-362 -394 0
-363 -395 0
-364 -396 0
-365 -397 0
-366 -398 0
-367 -399 0
-368 -400 0
-369 -377 0
-370 -378 0
-371 -379 0
-372 -380 0
-373 -381 0
-374 -382 0
-375 -383 0
-376 -384 0
-369 -385 0
-370 -386 0
-371 -387 0
-372 -388 0
-373 -389 0
-374 -390 0
-375 -391 0
-376 -392 0
-369 -393 0
-370 -394 0
-371 -395 0
-372 -396 0
-373 -397 0
-374 -398 0
-375 -399 0
-376 -400 0
-377 -385 0
-378 -386 0
-379 -387 0
-380 -388 0
-381 -389 0
-382 -390 0
-383 -391 0
-384 -392 0
-377 -393 0
-378 -394 0
-379 -395 0
-380 -396 0
-381 -397 0
-382 -398 0
-383 -399 0
-384 -400 0
-385 -393 0
-386 -394 0
-387 -395 0
-388 -396 0
-389 -397 0
-390 -398 0
-391 -399 0
-392 -400 0
