p cnf 450 8258
1 2 3 4 5 6 7 8 9 0
10 11 12 13 14 15 16 17 18 0
19 20 21 22 23 24 25 26 27 0
28 29 30 31 32 33 34 35 36 0
37 38 39 40 41 42 43 44 45 0
46 47 48 49 50 51 52 53 54 0
55 56 57 58 59 60 61 62 63 0
64 65 66 67 68 69 70 71 72 0
73 74 75 76 77 78 79 80 81 0
82 83 84 85 86 87 88 89 90 0
91 92 93 94 95 96 97 98 99 0
100 101 102 103 104 105 106 107 108 0
109 110 111 112 113 114 115 116 117 0
118 119 120 121 122 123 124 125 126 0
127 128 129 130 131 132 133 134 135 0
136 137 138 139 140 141 142 143 144 0
145 146 147 148 149 150 151 152 153 0
154 155 156 157 158 159 160 161 162 0
163 164 165 166 167 168 169 170 171 0
172 173 174 175 176 177 178 179 180 0
181 182 183 184 185 186 187 188 189 0
190 191 192 193 194 195 196 197 198 0
199 200 201 202 203 204 205 206 207 0
208 209 210 211 212 213 214 215 216 0
217 218 219 220 221 222 223 224 225 0
226 227 228 229 230 231 232 233 234 0
235 236 237 238 239 240 241 242 243 0
244 245 246 247 248 249 250 251 252 0
253 254 255 256 257 258 259 260 261 0
262 263 264 265 266 267 268 269 270 0
271 272 273 274 275 276 277 278 279 0
280 281 282 283 284 285 286 287 288 0
289 290 291 292 293 294 295 296 297 0
298 299 300 301 302 303 304 305 306 0
307 308 309 310 311 312 313 314 315 0
316 317 318 319 320 321 322 323 324 0
325 326 327 328 329 330 331 332 333 0
334 335 336 337 338 339 340 341 342 0
343 344 345 346 347 348 349 350 351 0
352 353 354 355 356 357 358 359 360 0
361 362 363 364 365 366 367 368 369 0
370 371 372 373 374 375 376 377 378 0
379 380 381 382 383 384 385 386 387 0
388 389 390 391 392 393 394 395 396 0
397 398 399 400 401 402 403 404 405 0
406 407 408 409 410 411 412 413 414 0
415 416 417 418 419 420 421 422 423 0
424 425 426 427 428 429 430 431 432 0
433 434 435 436 437 438 439 440 441 0
442 443 444 445 446 447 448 449 450 0
-1 -10 0
-2 -11 0
-3 -12 0
-4 -13 0
-5 -14 0
-6 -15 0
-7 -16 0
-8 -17 0
-9 -18 0
-1 -19 0
-2 -20 0
-3 -21 0
-4 -22 0
-5 -23 0
-6 -24 0
-7 -25 0
-8 -26 0
-9 -27 0
-1 -28 0
-2 -29 0
-3 -30 0
-4 -31 0
-5 -32 0
-6 -33 0
-7 -34 0
-8 -35 0
-9 -36 0
-1 -37 0
-2 -38 0
-3 -39 0
-4 -40 0
-5 -41 0
-6 -42 0
-7 -43 0
-8 -44 0
-9 -45 0
-1 -82 0
-2 -83 0
-3 -84 0
-4 -85 0
-5 -86 0
-6 -87 0
-7 -88 0
-8 -89 0
-9 -90 0
-1 -91 0
-2 -92 0
-3 -93 0
-4 -94 0
-5 -95 0
-6 -96 0
-7 -97 0
-8 -98 0
-9 -99 0
-1 -100 0
-2 -101 0
-3 -102 0
-4 -103 0
-5 -104 0
-6 -105 0
-7 -106 0
-8 -107 0
-9 -108 0
-1 -118 0
-2 -119 0
-3 -120 0
-4 -121 0
-5 -122 0
-6 -123 0
-7 -124 0
-8 -125 0
-9 -126 0
-1 -127 0
-2 -128 0
-3 -129 0
-4 -130 0
-5 -131 0
-6 -132 0
-7 -133 0
-8 -134 0
-9 -135 0
-1 -136 0
-2 -137 0
-3 -138 0
-4 -139 0
-5 -140 0
-6 -141 0
-7 -142 0
-8 -143 0
-9 -144 0
-1 -145 0
-2 -146 0
-3 -147 0
-4 -148 0
-5 -149 0
-6 -150 0
-7 -151 0
-8 -152 0
-9 -153 0
-1 -154 0
-2 -155 0
-3 -156 0
-4 -157 0
-5 -158 0
-6 -159 0
-7 -160 0
-8 -161 0
-9 -162 0
-1 -163 0
-2 -164 0
-3 -165 0
-4 -166 0
-5 -167 0
-6 -168 0
-7 -169 0
-8 -170 0
-9 -171 0
-1 -172 0
-2 -173 0
-3 -174 0
-4 -175 0
-5 -176 0
-6 -177 0
-7 -178 0
-8 -179 0
-9 -180 0
-1 -181 0
-2 -182 0
-3 -183 0
-4 -184 0
-5 -185 0
-6 -186 0
-7 -187 0
-8 -188 0
-9 -189 0
-1 -190 0
-2 -191 0
-3 -192 0
-4 -193 0
-5 -194 0
-6 -195 0
-7 -196 0
-8 -197 0
-9 -198 0
-1 -199 0
-2 -200 0
-3 -201 0
-4 -202 0
-5 -203 0
-6 -204 0
-7 -205 0
-8 -206 0
-9 -207 0
-1 -226 0
-2 -227 0
-3 -228 0
-4 -229 0
-5 -230 0
-6 -231 0
-7 -232 0
-8 -233 0
-9 -234 0
-1 -253 0
-2 -254 0
-3 -255 0
-4 -256 0
-5 -257 0
-6 -258 0
-7 -259 0
-8 -260 0
-9 -261 0
-1 -262 0
-2 -263 0
-3 -264 0
-4 -265 0
-5 -266 0
-6 -267 0
-7 -268 0
-8 -269 0
-9 -270 0
-1 -271 0
-2 -272 0
-3 -273 0
-4 -274 0
-5 -275 0
-6 -276 0
-7 -277 0
-8 -278 0
-9 -279 0
-1 -289 0
-2 -290 0
-3 -291 0
-4 -292 0
-5 -293 0
-6 -294 0
-7 -295 0
-8 -296 0
-9 -297 0
-1 -298 0
-2 -299 0
-3 -300 0
-4 -301 0
-5 -302 0
-6 -303 0
-7 -304 0
-8 -305 0
-9 -306 0
-1 -316 0
-2 -317 0
-3 -318 0
-4 -319 0
-5 -320 0
-6 -321 0
-7 -322 0
-8 -323 0
-9 -324 0
-1 -325 0
-2 -326 0
-3 -327 0
-4 -328 0
-5 -329 0
-6 -330 0
-7 -331 0
-8 -332 0
-9 -333 0
-1 -334 0
-2 -335 0
-3 -336 0
-4 -337 0
-5 -338 0
-6 -339 0
-7 -340 0
-8 -341 0
-9 -342 0
-1 -343 0
-2 -344 0
-3 -345 0
-4 -346 0
-5 -347 0
-6 -348 0
-7 -349 0
-8 -350 0
-9 -351 0
-1 -352 0
-2 -353 0
-3 -354 0
-4 -355 0
-5 -356 0
-6 -357 0
-7 -358 0
-8 -359 0
-9 -360 0
-1 -361 0
-2 -362 0
-3 -363 0
-4 -364 0
-5 -365 0
-6 -366 0
-7 -367 0
-8 -368 0
-9 -369 0
-1 -370 0
-2 -371 0
-3 -372 0
-4 -373 0
-5 -374 0
-6 -375 0
-7 -376 0
-8 -377 0
-9 -378 0
-1 -379 0
-2 -380 0
-3 -381 0
-4 -382 0
-5 -383 0
-6 -384 0
-7 -385 0
-8 -386 0
-9 -387 0
-1 -397 0
-2 -398 0
-3 -399 0
-4 -400 0
-5 -401 0
-6 -402 0
-7 -403 0
-8 -404 0
-9 -405 0
-1 -406 0
-2 -407 0
-3 -408 0
-4 -409 0
-5 -410 0
-6 -411 0
-7 -412 0
-8 -413 0
-9 -414 0
-1 -415 0
-2 -416 0
-3 -417 0
-4 -418 0
-5 -419 0
-6 -420 0
-7 -421 0
-8 -422 0
-9 -423 0
-1 -424 0
-2 -425 0
-3 -426 0
-4 -427 0
-5 -428 0
-6 -429 0
-7 -430 0
-8 -431 0
-9 -432 0
-1 -433 0
-2 -434 0
-3 -435 0
-4 -436 0
-5 -437 0
-6 -438 0
-7 -439 0
-8 -440 0
-9 -441 0
-1 -442 0
-2 -443 0
-3 -444 0
-4 -445 0
-5 -446 0
-6 -447 0
-7 -448 0
-8 -449 0
-9 -450 0
-10 -19 0
-11 -20 0
-12 -21 0
-13 -22 0
-14 -23 0
-15 -24 0
-16 -25 0
-17 -26 0
-18 -27 0
-10 -28 0
-11 -29 0
-12 -30 0
-13 -31 0
-14 -32 0
-15 -33 0
-16 -34 0
-17 -35 0
-18 -36 0
-10 -46 0
-11 -47 0
-12 -48 0
-13 -49 0
-14 -50 0
-15 -51 0
-16 -52 0
-17 -53 0
-18 -54 0
-10 -64 0
-11 -65 0
-12 -66 0
-13 -67 0
-14 -68 0
-15 -69 0
-16 -70 0
-17 -71 0
-18 -72 0
-10 -82 0
-11 -83 0
-12 -84 0
-13 -85 0
-14 -86 0
-15 -87 0
-16 -88 0
-17 -89 0
-18 -90 0
-10 -91 0
-11 -92 0
-12 -93 0
-13 -94 0
-14 -95 0
-15 -96 0
-16 -97 0
-17 -98 0
-18 -99 0
-10 -100 0
-11 -101 0
-12 -102 0
-13 -103 0
-14 -104 0
-15 -105 0
-16 -106 0
-17 -107 0
-18 -108 0
-10 -127 0
-11 -128 0
-12 -129 0
-13 -130 0
-14 -131 0
-15 -132 0
-16 -133 0
-17 -134 0
-18 -135 0
-10 -136 0
-11 -137 0
-12 -138 0
-13 -139 0
-14 -140 0
-15 -141 0
-16 -142 0
-17 -143 0
-18 -144 0
-10 -145 0
-11 -146 0
-12 -147 0
-13 -148 0
-14 -149 0
-15 -150 0
-16 -151 0
-17 -152 0
-18 -153 0
-10 -163 0
-11 -164 0
-12 -165 0
-13 -166 0
-14 -167 0
-15 -168 0
-16 -169 0
-17 -170 0
-18 -171 0
-10 -172 0
-11 -173 0
-12 -174 0
-13 -175 0
-14 -176 0
-15 -177 0
-16 -178 0
-17 -179 0
-18 -180 0
-10 -181 0
-11 -182 0
-12 -183 0
-13 -184 0
-14 -185 0
-15 -186 0
-16 -187 0
-17 -188 0
-18 -189 0
-10 -190 0
-11 -191 0
-12 -192 0
-13 -193 0
-14 -194 0
-15 -195 0
-16 -196 0
-17 -197 0
-18 -198 0
-10 -208 0
-11 -209 0
-12 -210 0
-13 -211 0
-14 -212 0
-15 -213 0
-16 -214 0
-17 -215 0
-18 -216 0
-10 -217 0
-11 -218 0
-12 -219 0
-13 -220 0
-14 -221 0
-15 -222 0
-16 -223 0
-17 -224 0
-18 -225 0
-10 -226 0
-11 -227 0
-12 -228 0
-13 -229 0
-14 -230 0
-15 -231 0
-16 -232 0
-17 -233 0
-18 -234 0
-10 -235 0
-11 -236 0
-12 -237 0
-13 -238 0
-14 -239 0
-15 -240 0
-16 -241 0
-17 -242 0
-18 -243 0
-10 -244 0
-11 -245 0
-12 -246 0
-13 -247 0
-14 -248 0
-15 -249 0
-16 -250 0
-17 -251 0
-18 -252 0
-10 -253 0
-11 -254 0
-12 -255 0
-13 -256 0
-14 -257 0
-15 -258 0
-16 -259 0
-17 -260 0
-18 -261 0
-10 -262 0
-11 -263 0
-12 -264 0
-13 -265 0
-14 -266 0
-15 -267 0
-16 -268 0
-17 -269 0
-18 -270 0
-10 -271 0
-11 -272 0
-12 -273 0
-13 -274 0
-14 -275 0
-15 -276 0
-16 -277 0
-17 -278 0
-18 -279 0
-10 -289 0
-11 -290 0
-12 -291 0
-13 -292 0
-14 -293 0
-15 -294 0
-16 -295 0
-17 -296 0
-18 -297 0
-10 -298 0
-11 -299 0
-12 -300 0
-13 -301 0
-14 -302 0
-15 -303 0
-16 -304 0
-17 -305 0
-18 -306 0
-10 -316 0
-11 -317 0
-12 -318 0
-13 -319 0
-14 -320 0
-15 -321 0
-16 -322 0
-17 -323 0
-18 -324 0
-10 -325 0
-11 -326 0
-12 -327 0
-13 -328 0
-14 -329 0
-15 -330 0
-16 -331 0
-17 -332 0
-18 -333 0
-10 -334 0
-11 -335 0
-12 -336 0
-13 -337 0
-14 -338 0
-15 -339 0
-16 -340 0
-17 -341 0
-18 -342 0
-10 -361 0
-11 -362 0
-12 -363 0
-13 -364 0
-14 -365 0
-15 -366 0
-16 -367 0
-17 -368 0
-18 -369 0
-10 -370 0
-11 -371 0
-12 -372 0
-13 -373 0
-14 -374 0
-15 -375 0
-16 -376 0
-17 -377 0
-18 -378 0
-10 -379 0
-11 -380 0
-12 -381 0
-13 -382 0
-14 -383 0
-15 -384 0
-16 -385 0
-17 -386 0
-18 -387 0
-10 -388 0
-11 -389 0
-12 -390 0
-13 -391 0
-14 -392 0
-15 -393 0
-16 -394 0
-17 -395 0
-18 -396 0
-10 -406 0
-11 -407 0
-12 -408 0
-13 -409 0
-14 -410 0
-15 -411 0
-16 -412 0
-17 -413 0
-18 -414 0
-10 -415 0
-11 -416 0
-12 -417 0
-13 -418 0
-14 -419 0
-15 -420 0
-16 -421 0
-17 -422 0
-18 -423 0
-10 -424 0
-11 -425 0
-12 -426 0
-13 -427 0
-14 -428 0
-15 -429 0
-16 -430 0
-17 -431 0
-18 -432 0
-10 -433 0
-11 -434 0
-12 -435 0
-13 -436 0
-14 -437 0
-15 -438 0
-16 -439 0
-17 -440 0
-18 -441 0
-19 -28 0
-20 -29 0
-21 -30 0
-22 -31 0
-23 -32 0
-24 -33 0
-25 -34 0
-26 -35 0
-27 -36 0
-19 -37 0
-20 -38 0
-21 -39 0
-22 -40 0
-23 -41 0
-24 -42 0
-25 -43 0
-26 -44 0
-27 -45 0
-19 -46 0
-20 -47 0
-21 -48 0
-22 -49 0
-23 -50 0
-24 -51 0
-25 -52 0
-26 -53 0
-27 -54 0
-19 -55 0
-20 -56 0
-21 -57 0
-22 -58 0
-23 -59 0
-24 -60 0
-25 -61 0
-26 -62 0
-27 -63 0
-19 -64 0
-20 -65 0
-21 -66 0
-22 -67 0
-23 -68 0
-24 -69 0
-25 -70 0
-26 -71 0
-27 -72 0
-19 -73 0
-20 -74 0
-21 -75 0
-22 -76 0
-23 -77 0
-24 -78 0
-25 -79 0
-26 -80 0
-27 -81 0
-19 -82 0
-20 -83 0
-21 -84 0
-22 -85 0
-23 -86 0
-24 -87 0
-25 -88 0
-26 -89 0
-27 -90 0
-19 -91 0
-20 -92 0
-21 -93 0
-22 -94 0
-23 -95 0
-24 -96 0
-25 -97 0
-26 -98 0
-27 -99 0
-19 -100 0
-20 -101 0
-21 -102 0
-22 -103 0
-23 -104 0
-24 -105 0
-25 -106 0
-26 -107 0
-27 -108 0
-19 -109 0
-20 -110 0
-21 -111 0
-22 -112 0
-23 -113 0
-24 -114 0
-25 -115 0
-26 -116 0
-27 -117 0
-19 -118 0
-20 -119 0
-21 -120 0
-22 -121 0
-23 -122 0
-24 -123 0
-25 -124 0
-26 -125 0
-27 -126 0
-19 -127 0
-20 -128 0
-21 -129 0
-22 -130 0
-23 -131 0
-24 -132 0
-25 -133 0
-26 -134 0
-27 -135 0
-19 -136 0
-20 -137 0
-21 -138 0
-22 -139 0
-23 -140 0
-24 -141 0
-25 -142 0
-26 -143 0
-27 -144 0
-19 -154 0
-20 -155 0
-21 -156 0
-22 -157 0
-23 -158 0
-24 -159 0
-25 -160 0
-26 -161 0
-27 -162 0
-19 -163 0
-20 -164 0
-21 -165 0
-22 -166 0
-23 -167 0
-24 -168 0
-25 -169 0
-26 -170 0
-27 -171 0
-19 -181 0
-20 -182 0
-21 -183 0
-22 -184 0
-23 -185 0
-24 -186 0
-25 -187 0
-26 -188 0
-27 -189 0
-19 -190 0
-20 -191 0
-21 -192 0
-22 -193 0
-23 -194 0
-24 -195 0
-25 -196 0
-26 -197 0
-27 -198 0
-19 -208 0
-20 -209 0
-21 -210 0
-22 -211 0
-23 -212 0
-24 -213 0
-25 -214 0
-26 -215 0
-27 -216 0
-19 -226 0
-20 -227 0
-21 -228 0
-22 -229 0
-23 -230 0
-24 -231 0
-25 -232 0
-26 -233 0
-27 -234 0
-19 -235 0
-20 -236 0
-21 -237 0
-22 -238 0
-23 -239 0
-24 -240 0
-25 -241 0
-26 -242 0
-27 -243 0
-19 -244 0
-20 -245 0
-21 -246 0
-22 -247 0
-23 -248 0
-24 -249 0
-25 -250 0
-26 -251 0
-27 -252 0
-19 -262 0
-20 -263 0
-21 -264 0
-22 -265 0
-23 -266 0
-24 -267 0
-25 -268 0
-26 -269 0
-27 -270 0
-19 -271 0
-20 -272 0
-21 -273 0
-22 -274 0
-23 -275 0
-24 -276 0
-25 -277 0
-26 -278 0
-27 -279 0
-19 -280 0
-20 -281 0
-21 -282 0
-22 -283 0
-23 -284 0
-24 -285 0
-25 -286 0
-26 -287 0
-27 -288 0
-19 -289 0
-20 -290 0
-21 -291 0
-22 -292 0
-23 -293 0
-24 -294 0
-25 -295 0
-26 -296 0
-27 -297 0
-19 -298 0
-20 -299 0
-21 -300 0
-22 -301 0
-23 -302 0
-24 -303 0
-25 -304 0
-26 -305 0
-27 -306 0
-19 -316 0
-20 -317 0
-21 -318 0
-22 -319 0
-23 -320 0
-24 -321 0
-25 -322 0
-26 -323 0
-27 -324 0
-19 -325 0
-20 -326 0
-21 -327 0
-22 -328 0
-23 -329 0
-24 -330 0
-25 -331 0
-26 -332 0
-27 -333 0
-19 -334 0
-20 -335 0
-21 -336 0
-22 -337 0
-23 -338 0
-24 -339 0
-25 -340 0
-26 -341 0
-27 -342 0
-19 -370 0
-20 -371 0
-21 -372 0
-22 -373 0
-23 -374 0
-24 -375 0
-25 -376 0
-26 -377 0
-27 -378 0
-19 -379 0
-20 -380 0
-21 -381 0
-22 -382 0
-23 -383 0
-24 -384 0
-25 -385 0
-26 -386 0
-27 -387 0
-19 -388 0
-20 -389 0
-21 -390 0
-22 -391 0
-23 -392 0
-24 -393 0
-25 -394 0
-26 -395 0
-27 -396 0
-19 -406 0
-20 -407 0
-21 -408 0
-22 -409 0
-23 -410 0
-24 -411 0
-25 -412 0
-26 -413 0
-27 -414 0
-19 -415 0
-20 -416 0
-21 -417 0
-22 -418 0
-23 -419 0
-24 -420 0
-25 -421 0
-26 -422 0
-27 -423 0
-19 -424 0
-20 -425 0
-21 -426 0
-22 -427 0
-23 -428 0
-24 -429 0
-25 -430 0
-26 -431 0
-27 -432 0
-19 -433 0
-20 -434 0
-21 -435 0
-22 -436 0
-23 -437 0
-24 -438 0
-25 -439 0
-26 -440 0
-27 -441 0
-28 -37 0
-29 -38 0
-30 -39 0
-31 -40 0
-32 -41 0
-33 -42 0
-34 -43 0
-35 -44 0
-36 -45 0
-28 -46 0
-29 -47 0
-30 -48 0
-31 -49 0
-32 -50 0
-33 -51 0
-34 -52 0
-35 -53 0
-36 -54 0
-28 -64 0
-29 -65 0
-30 -66 0
-31 -67 0
-32 -68 0
-33 -69 0
-34 -70 0
-35 -71 0
-36 -72 0
-28 -73 0
-29 -74 0
-30 -75 0
-31 -76 0
-32 -77 0
-33 -78 0
-34 -79 0
-35 -80 0
-36 -81 0
-28 -82 0
-29 -83 0
-30 -84 0
-31 -85 0
-32 -86 0
-33 -87 0
-34 -88 0
-35 -89 0
-36 -90 0
-28 -91 0
-29 -92 0
-30 -93 0
-31 -94 0
-32 -95 0
-33 -96 0
-34 -97 0
-35 -98 0
-36 -99 0
-28 -118 0
-29 -119 0
-30 -120 0
-31 -121 0
-32 -122 0
-33 -123 0
-34 -124 0
-35 -125 0
-36 -126 0
-28 -127 0
-29 -128 0
-30 -129 0
-31 -130 0
-32 -131 0
-33 -132 0
-34 -133 0
-35 -134 0
-36 -135 0
-28 -145 0
-29 -146 0
-30 -147 0
-31 -148 0
-32 -149 0
-33 -150 0
-34 -151 0
-35 -152 0
-36 -153 0
-28 -154 0
-29 -155 0
-30 -156 0
-31 -157 0
-32 -158 0
-33 -159 0
-34 -160 0
-35 -161 0
-36 -162 0
-28 -172 0
-29 -173 0
-30 -174 0
-31 -175 0
-32 -176 0
-33 -177 0
-34 -178 0
-35 -179 0
-36 -180 0
-28 -181 0
-29 -182 0
-30 -183 0
-31 -184 0
-32 -185 0
-33 -186 0
-34 -187 0
-35 -188 0
-36 -189 0
-28 -190 0
-29 -191 0
-30 -192 0
-31 -193 0
-32 -194 0
-33 -195 0
-34 -196 0
-35 -197 0
-36 -198 0
-28 -199 0
-29 -200 0
-30 -201 0
-31 -202 0
-32 -203 0
-33 -204 0
-34 -205 0
-35 -206 0
-36 -207 0
-28 -208 0
-29 -209 0
-30 -210 0
-31 -211 0
-32 -212 0
-33 -213 0
-34 -214 0
-35 -215 0
-36 -216 0
-28 -226 0
-29 -227 0
-30 -228 0
-31 -229 0
-32 -230 0
-33 -231 0
-34 -232 0
-35 -233 0
-36 -234 0
-28 -235 0
-29 -236 0
-30 -237 0
-31 -238 0
-32 -239 0
-33 -240 0
-34 -241 0
-35 -242 0
-36 -243 0
-28 -244 0
-29 -245 0
-30 -246 0
-31 -247 0
-32 -248 0
-33 -249 0
-34 -250 0
-35 -251 0
-36 -252 0
-28 -253 0
-29 -254 0
-30 -255 0
-31 -256 0
-32 -257 0
-33 -258 0
-34 -259 0
-35 -260 0
-36 -261 0
-28 -262 0
-29 -263 0
-30 -264 0
-31 -265 0
-32 -266 0
-33 -267 0
-34 -268 0
-35 -269 0
-36 -270 0
-28 -271 0
-29 -272 0
-30 -273 0
-31 -274 0
-32 -275 0
-33 -276 0
-34 -277 0
-35 -278 0
-36 -279 0
-28 -307 0
-29 -308 0
-30 -309 0
-31 -310 0
-32 -311 0
-33 -312 0
-34 -313 0
-35 -314 0
-36 -315 0
-28 -316 0
-29 -317 0
-30 -318 0
-31 -319 0
-32 -320 0
-33 -321 0
-34 -322 0
-35 -323 0
-36 -324 0
-28 -343 0
-29 -344 0
-30 -345 0
-31 -346 0
-32 -347 0
-33 -348 0
-34 -349 0
-35 -350 0
-36 -351 0
-28 -361 0
-29 -362 0
-30 -363 0
-31 -364 0
-32 -365 0
-33 -366 0
-34 -367 0
-35 -368 0
-36 -369 0
-28 -370 0
-29 -371 0
-30 -372 0
-31 -373 0
-32 -374 0
-33 -375 0
-34 -376 0
-35 -377 0
-36 -378 0
-28 -379 0
-29 -380 0
-30 -381 0
-31 -382 0
-32 -383 0
-33 -384 0
-34 -385 0
-35 -386 0
-36 -387 0
-28 -388 0
-29 -389 0
-30 -390 0
-31 -391 0
-32 -392 0
-33 -393 0
-34 -394 0
-35 -395 0
-36 -396 0
-28 -397 0
-29 -398 0
-30 -399 0
-31 -400 0
-32 -401 0
-33 -402 0
-34 -403 0
-35 -404 0
-36 -405 0
-28 -406 0
-29 -407 0
-30 -408 0
-31 -409 0
-32 -410 0
-33 -411 0
-34 -412 0
-35 -413 0
-36 -414 0
-28 -415 0
-29 -416 0
-30 -417 0
-31 -418 0
-32 -419 0
-33 -420 0
-34 -421 0
-35 -422 0
-36 -423 0
-28 -433 0
-29 -434 0
-30 -435 0
-31 -436 0
-32 -437 0
-33 -438 0
-34 -439 0
-35 -440 0
-36 -441 0
-28 -442 0
-29 -443 0
-30 -444 0
-31 -445 0
-32 -446 0
-33 -447 0
-34 -448 0
-35 -449 0
-36 -450 0
-37 -46 0
-38 -47 0
-39 -48 0
-40 -49 0
-41 -50 0
-42 -51 0
-43 -52 0
-44 -53 0
-45 -54 0
-37 -55 0
-38 -56 0
-39 -57 0
-40 -58 0
-41 -59 0
-42 -60 0
-43 -61 0
-44 -62 0
-45 -63 0
-37 -64 0
-38 -65 0
-39 -66 0
-40 -67 0
-41 -68 0
-42 -69 0
-43 -70 0
-44 -71 0
-45 -72 0
-37 -73 0
-38 -74 0
-39 -75 0
-40 -76 0
-41 -77 0
-42 -78 0
-43 -79 0
-44 -80 0
-45 -81 0
-37 -82 0
-38 -83 0
-39 -84 0
-40 -85 0
-41 -86 0
-42 -87 0
-43 -88 0
-44 -89 0
-45 -90 0
-37 -91 0
-38 -92 0
-39 -93 0
-40 -94 0
-41 -95 0
-42 -96 0
-43 -97 0
-44 -98 0
-45 -99 0
-37 -100 0
-38 -101 0
-39 -102 0
-40 -103 0
-41 -104 0
-42 -105 0
-43 -106 0
-44 -107 0
-45 -108 0
-37 -109 0
-38 -110 0
-39 -111 0
-40 -112 0
-41 -113 0
-42 -114 0
-43 -115 0
-44 -116 0
-45 -117 0
-37 -127 0
-38 -128 0
-39 -129 0
-40 -130 0
-41 -131 0
-42 -132 0
-43 -133 0
-44 -134 0
-45 -135 0
-37 -136 0
-38 -137 0
-39 -138 0
-40 -139 0
-41 -140 0
-42 -141 0
-43 -142 0
-44 -143 0
-45 -144 0
-37 -154 0
-38 -155 0
-39 -156 0
-40 -157 0
-41 -158 0
-42 -159 0
-43 -160 0
-44 -161 0
-45 -162 0
-37 -172 0
-38 -173 0
-39 -174 0
-40 -175 0
-41 -176 0
-42 -177 0
-43 -178 0
-44 -179 0
-45 -180 0
-37 -181 0
-38 -182 0
-39 -183 0
-40 -184 0
-41 -185 0
-42 -186 0
-43 -187 0
-44 -188 0
-45 -189 0
-37 -190 0
-38 -191 0
-39 -192 0
-40 -193 0
-41 -194 0
-42 -195 0
-43 -196 0
-44 -197 0
-45 -198 0
-37 -217 0
-38 -218 0
-39 -219 0
-40 -220 0
-41 -221 0
-42 -222 0
-43 -223 0
-44 -224 0
-45 -225 0
-37 -226 0
-38 -227 0
-39 -228 0
-40 -229 0
-41 -230 0
-42 -231 0
-43 -232 0
-44 -233 0
-45 -234 0
-37 -235 0
-38 -236 0
-39 -237 0
-40 -238 0
-41 -239 0
-42 -240 0
-43 -241 0
-44 -242 0
-45 -243 0
-37 -253 0
-38 -254 0
-39 -255 0
-40 -256 0
-41 -257 0
-42 -258 0
-43 -259 0
-44 -260 0
-45 -261 0
-37 -271 0
-38 -272 0
-39 -273 0
-40 -274 0
-41 -275 0
-42 -276 0
-43 -277 0
-44 -278 0
-45 -279 0
-37 -289 0
-38 -290 0
-39 -291 0
-40 -292 0
-41 -293 0
-42 -294 0
-43 -295 0
-44 -296 0
-45 -297 0
-37 -298 0
-38 -299 0
-39 -300 0
-40 -301 0
-41 -302 0
-42 -303 0
-43 -304 0
-44 -305 0
-45 -306 0
-37 -316 0
-38 -317 0
-39 -318 0
-40 -319 0
-41 -320 0
-42 -321 0
-43 -322 0
-44 -323 0
-45 -324 0
-37 -325 0
-38 -326 0
-39 -327 0
-40 -328 0
-41 -329 0
-42 -330 0
-43 -331 0
-44 -332 0
-45 -333 0
-37 -343 0
-38 -344 0
-39 -345 0
-40 -346 0
-41 -347 0
-42 -348 0
-43 -349 0
-44 -350 0
-45 -351 0
-37 -361 0
-38 -362 0
-39 -363 0
-40 -364 0
-41 -365 0
-42 -366 0
-43 -367 0
-44 -368 0
-45 -369 0
-37 -370 0
-38 -371 0
-39 -372 0
-40 -373 0
-41 -374 0
-42 -375 0
-43 -376 0
-44 -377 0
-45 -378 0
-37 -379 0
-38 -380 0
-39 -381 0
-40 -382 0
-41 -383 0
-42 -384 0
-43 -385 0
-44 -386 0
-45 -387 0
-37 -388 0
-38 -389 0
-39 -390 0
-40 -391 0
-41 -392 0
-42 -393 0
-43 -394 0
-44 -395 0
-45 -396 0
-37 -397 0
-38 -398 0
-39 -399 0
-40 -400 0
-41 -401 0
-42 -402 0
-43 -403 0
-44 -404 0
-45 -405 0
-37 -406 0
-38 -407 0
-39 -408 0
-40 -409 0
-41 -410 0
-42 -411 0
-43 -412 0
-44 -413 0
-45 -414 0
-37 -415 0
-38 -416 0
-39 -417 0
-40 -418 0
-41 -419 0
-42 -420 0
-43 -421 0
-44 -422 0
-45 -423 0
-37 -424 0
-38 -425 0
-39 -426 0
-40 -427 0
-41 -428 0
-42 -429 0
-43 -430 0
-44 -431 0
-45 -432 0
-37 -433 0
-38 -434 0
-39 -435 0
-40 -436 0
-41 -437 0
-42 -438 0
-43 -439 0
-44 -440 0
-45 -441 0
-37 -442 0
-38 -443 0
-39 -444 0
-40 -445 0
-41 -446 0
-42 -447 0
-43 -448 0
-44 -449 0
-45 -450 0
-46 -55 0
-47 -56 0
-48 -57 0
-49 -58 0
-50 -59 0
-51 -60 0
-52 -61 0
-53 -62 0
-54 -63 0
-46 -82 0
-47 -83 0
-48 -84 0
-49 -85 0
-50 -86 0
-51 -87 0
-52 -88 0
-53 -89 0
-54 -90 0
-46 -100 0
-47 -101 0
-48 -102 0
-49 -103 0
-50 -104 0
-51 -105 0
-52 -106 0
-53 -107 0
-54 -108 0
-46 -109 0
-47 -110 0
-48 -111 0
-49 -112 0
-50 -113 0
-51 -114 0
-52 -115 0
-53 -116 0
-54 -117 0
-46 -118 0
-47 -119 0
-48 -120 0
-49 -121 0
-50 -122 0
-51 -123 0
-52 -124 0
-53 -125 0
-54 -126 0
-46 -136 0
-47 -137 0
-48 -138 0
-49 -139 0
-50 -140 0
-51 -141 0
-52 -142 0
-53 -143 0
-54 -144 0
-46 -154 0
-47 -155 0
-48 -156 0
-49 -157 0
-50 -158 0
-51 -159 0
-52 -160 0
-53 -161 0
-54 -162 0
-46 -163 0
-47 -164 0
-48 -165 0
-49 -166 0
-50 -167 0
-51 -168 0
-52 -169 0
-53 -170 0
-54 -171 0
-46 -181 0
-47 -182 0
-48 -183 0
-49 -184 0
-50 -185 0
-51 -186 0
-52 -187 0
-53 -188 0
-54 -189 0
-46 -199 0
-47 -200 0
-48 -201 0
-49 -202 0
-50 -203 0
-51 -204 0
-52 -205 0
-53 -206 0
-54 -207 0
-46 -208 0
-47 -209 0
-48 -210 0
-49 -211 0
-50 -212 0
-51 -213 0
-52 -214 0
-53 -215 0
-54 -216 0
-46 -217 0
-47 -218 0
-48 -219 0
-49 -220 0
-50 -221 0
-51 -222 0
-52 -223 0
-53 -224 0
-54 -225 0
-46 -226 0
-47 -227 0
-48 -228 0
-49 -229 0
-50 -230 0
-51 -231 0
-52 -232 0
-53 -233 0
-54 -234 0
-46 -235 0
-47 -236 0
-48 -237 0
-49 -238 0
-50 -239 0
-51 -240 0
-52 -241 0
-53 -242 0
-54 -243 0
-46 -253 0
-47 -254 0
-48 -255 0
-49 -256 0
-50 -257 0
-51 -258 0
-52 -259 0
-53 -260 0
-54 -261 0
-46 -280 0
-47 -281 0
-48 -282 0
-49 -283 0
-50 -284 0
-51 -285 0
-52 -286 0
-53 -287 0
-54 -288 0
-46 -289 0
-47 -290 0
-48 -291 0
-49 -292 0
-50 -293 0
-51 -294 0
-52 -295 0
-53 -296 0
-54 -297 0
-46 -298 0
-47 -299 0
-48 -300 0
-49 -301 0
-50 -302 0
-51 -303 0
-52 -304 0
-53 -305 0
-54 -306 0
-46 -325 0
-47 -326 0
-48 -327 0
-49 -328 0
-50 -329 0
-51 -330 0
-52 -331 0
-53 -332 0
-54 -333 0
-46 -334 0
-47 -335 0
-48 -336 0
-49 -337 0
-50 -338 0
-51 -339 0
-52 -340 0
-53 -341 0
-54 -342 0
-46 -343 0
-47 -344 0
-48 -345 0
-49 -346 0
-50 -347 0
-51 -348 0
-52 -349 0
-53 -350 0
-54 -351 0
-46 -352 0
-47 -353 0
-48 -354 0
-49 -355 0
-50 -356 0
-51 -357 0
-52 -358 0
-53 -359 0
-54 -360 0
-46 -361 0
-47 -362 0
-48 -363 0
-49 -364 0
-50 -365 0
-51 -366 0
-52 -367 0
-53 -368 0
-54 -369 0
-46 -370 0
-47 -371 0
-48 -372 0
-49 -373 0
-50 -374 0
-51 -375 0
-52 -376 0
-53 -377 0
-54 -378 0
-46 -379 0
-47 -380 0
-48 -381 0
-49 -382 0
-50 -383 0
-51 -384 0
-52 -385 0
-53 -386 0
-54 -387 0
-46 -388 0
-47 -389 0
-48 -390 0
-49 -391 0
-50 -392 0
-51 -393 0
-52 -394 0
-53 -395 0
-54 -396 0
-46 -397 0
-47 -398 0
-48 -399 0
-49 -400 0
-50 -401 0
-51 -402 0
-52 -403 0
-53 -404 0
-54 -405 0
-46 -415 0
-47 -416 0
-48 -417 0
-49 -418 0
-50 -419 0
-51 -420 0
-52 -421 0
-53 -422 0
-54 -423 0
-46 -424 0
-47 -425 0
-48 -426 0
-49 -427 0
-50 -428 0
-51 -429 0
-52 -430 0
-53 -431 0
-54 -432 0
-46 -433 0
-47 -434 0
-48 -435 0
-49 -436 0
-50 -437 0
-51 -438 0
-52 -439 0
-53 -440 0
-54 -441 0
-46 -442 0
-47 -443 0
-48 -444 0
-49 -445 0
-50 -446 0
-51 -447 0
-52 -448 0
-53 -449 0
-54 -450 0
-55 -64 0
-56 -65 0
-57 -66 0
-58 -67 0
-59 -68 0
-60 -69 0
-61 -70 0
-62 -71 0
-63 -72 0
-55 -73 0
-56 -74 0
-57 -75 0
-58 -76 0
-59 -77 0
-60 -78 0
-61 -79 0
-62 -80 0
-63 -81 0
-55 -82 0
-56 -83 0
-57 -84 0
-58 -85 0
-59 -86 0
-60 -87 0
-61 -88 0
-62 -89 0
-63 -90 0
-55 -100 0
-56 -101 0
-57 -102 0
-58 -103 0
-59 -104 0
-60 -105 0
-61 -106 0
-62 -107 0
-63 -108 0
-55 -109 0
-56 -110 0
-57 -111 0
-58 -112 0
-59 -113 0
-60 -114 0
-61 -115 0
-62 -116 0
-63 -117 0
-55 -136 0
-56 -137 0
-57 -138 0
-58 -139 0
-59 -140 0
-60 -141 0
-61 -142 0
-62 -143 0
-63 -144 0
-55 -154 0
-56 -155 0
-57 -156 0
-58 -157 0
-59 -158 0
-60 -159 0
-61 -160 0
-62 -161 0
-63 -162 0
-55 -163 0
-56 -164 0
-57 -165 0
-58 -166 0
-59 -167 0
-60 -168 0
-61 -169 0
-62 -170 0
-63 -171 0
-55 -172 0
-56 -173 0
-57 -174 0
-58 -175 0
-59 -176 0
-60 -177 0
-61 -178 0
-62 -179 0
-63 -180 0
-55 -181 0
-56 -182 0
-57 -183 0
-58 -184 0
-59 -185 0
-60 -186 0
-61 -187 0
-62 -188 0
-63 -189 0
-55 -190 0
-56 -191 0
-57 -192 0
-58 -193 0
-59 -194 0
-60 -195 0
-61 -196 0
-62 -197 0
-63 -198 0
-55 -208 0
-56 -209 0
-57 -210 0
-58 -211 0
-59 -212 0
-60 -213 0
-61 -214 0
-62 -215 0
-63 -216 0
-55 -217 0
-56 -218 0
-57 -219 0
-58 -220 0
-59 -221 0
-60 -222 0
-61 -223 0
-62 -224 0
-63 -225 0
-55 -226 0
-56 -227 0
-57 -228 0
-58 -229 0
-59 -230 0
-60 -231 0
-61 -232 0
-62 -233 0
-63 -234 0
-55 -253 0
-56 -254 0
-57 -255 0
-58 -256 0
-59 -257 0
-60 -258 0
-61 -259 0
-62 -260 0
-63 -261 0
-55 -262 0
-56 -263 0
-57 -264 0
-58 -265 0
-59 -266 0
-60 -267 0
-61 -268 0
-62 -269 0
-63 -270 0
-55 -271 0
-56 -272 0
-57 -273 0
-58 -274 0
-59 -275 0
-60 -276 0
-61 -277 0
-62 -278 0
-63 -279 0
-55 -280 0
-56 -281 0
-57 -282 0
-58 -283 0
-59 -284 0
-60 -285 0
-61 -286 0
-62 -287 0
-63 -288 0
-55 -289 0
-56 -290 0
-57 -291 0
-58 -292 0
-59 -293 0
-60 -294 0
-61 -295 0
-62 -296 0
-63 -297 0
-55 -298 0
-56 -299 0
-57 -300 0
-58 -301 0
-59 -302 0
-60 -303 0
-61 -304 0
-62 -305 0
-63 -306 0
-55 -325 0
-56 -326 0
-57 -327 0
-58 -328 0
-59 -329 0
-60 -330 0
-61 -331 0
-62 -332 0
-63 -333 0
-55 -343 0
-56 -344 0
-57 -345 0
-58 -346 0
-59 -347 0
-60 -348 0
-61 -349 0
-62 -350 0
-63 -351 0
-55 -352 0
-56 -353 0
-57 -354 0
-58 -355 0
-59 -356 0
-60 -357 0
-61 -358 0
-62 -359 0
-63 -360 0
-55 -361 0
-56 -362 0
-57 -363 0
-58 -364 0
-59 -365 0
-60 -366 0
-61 -367 0
-62 -368 0
-63 -369 0
-55 -370 0
-56 -371 0
-57 -372 0
-58 -373 0
-59 -374 0
-60 -375 0
-61 -376 0
-62 -377 0
-63 -378 0
-55 -406 0
-56 -407 0
-57 -408 0
-58 -409 0
-59 -410 0
-60 -411 0
-61 -412 0
-62 -413 0
-63 -414 0
-55 -415 0
-56 -416 0
-57 -417 0
-58 -418 0
-59 -419 0
-60 -420 0
-61 -421 0
-62 -422 0
-63 -423 0
-55 -424 0
-56 -425 0
-57 -426 0
-58 -427 0
-59 -428 0
-60 -429 0
-61 -430 0
-62 -431 0
-63 -432 0
-55 -433 0
-56 -434 0
-57 -435 0
-58 -436 0
-59 -437 0
-60 -438 0
-61 -439 0
-62 -440 0
-63 -441 0
-55 -442 0
-56 -443 0
-57 -444 0
-58 -445 0
-59 -446 0
-60 -447 0
-61 -448 0
-62 -449 0
-63 -450 0
-64 -73 0
-65 -74 0
-66 -75 0
-67 -76 0
-68 -77 0
-69 -78 0
-70 -79 0
-71 -80 0
-72 -81 0
-64 -82 0
-65 -83 0
-66 -84 0
-67 -85 0
-68 -86 0
-69 -87 0
-70 -88 0
-71 -89 0
-72 -90 0
-64 -100 0
-65 -101 0
-66 -102 0
-67 -103 0
-68 -104 0
-69 -105 0
-70 -106 0
-71 -107 0
-72 -108 0
-64 -109 0
-65 -110 0
-66 -111 0
-67 -112 0
-68 -113 0
-69 -114 0
-70 -115 0
-71 -116 0
-72 -117 0
-64 -118 0
-65 -119 0
-66 -120 0
-67 -121 0
-68 -122 0
-69 -123 0
-70 -124 0
-71 -125 0
-72 -126 0
-64 -127 0
-65 -128 0
-66 -129 0
-67 -130 0
-68 -131 0
-69 -132 0
-70 -133 0
-71 -134 0
-72 -135 0
-64 -136 0
-65 -137 0
-66 -138 0
-67 -139 0
-68 -140 0
-69 -141 0
-70 -142 0
-71 -143 0
-72 -144 0
-64 -154 0
-65 -155 0
-66 -156 0
-67 -157 0
-68 -158 0
-69 -159 0
-70 -160 0
-71 -161 0
-72 -162 0
-64 -163 0
-65 -164 0
-66 -165 0
-67 -166 0
-68 -167 0
-69 -168 0
-70 -169 0
-71 -170 0
-72 -171 0
-64 -181 0
-65 -182 0
-66 -183 0
-67 -184 0
-68 -185 0
-69 -186 0
-70 -187 0
-71 -188 0
-72 -189 0
-64 -190 0
-65 -191 0
-66 -192 0
-67 -193 0
-68 -194 0
-69 -195 0
-70 -196 0
-71 -197 0
-72 -198 0
-64 -199 0
-65 -200 0
-66 -201 0
-67 -202 0
-68 -203 0
-69 -204 0
-70 -205 0
-71 -206 0
-72 -207 0
-64 -208 0
-65 -209 0
-66 -210 0
-67 -211 0
-68 -212 0
-69 -213 0
-70 -214 0
-71 -215 0
-72 -216 0
-64 -226 0
-65 -227 0
-66 -228 0
-67 -229 0
-68 -230 0
-69 -231 0
-70 -232 0
-71 -233 0
-72 -234 0
-64 -235 0
-65 -236 0
-66 -237 0
-67 -238 0
-68 -239 0
-69 -240 0
-70 -241 0
-71 -242 0
-72 -243 0
-64 -244 0
-65 -245 0
-66 -246 0
-67 -247 0
-68 -248 0
-69 -249 0
-70 -250 0
-71 -251 0
-72 -252 0
-64 -253 0
-65 -254 0
-66 -255 0
-67 -256 0
-68 -257 0
-69 -258 0
-70 -259 0
-71 -260 0
-72 -261 0
-64 -271 0
-65 -272 0
-66 -273 0
-67 -274 0
-68 -275 0
-69 -276 0
-70 -277 0
-71 -278 0
-72 -279 0
-64 -289 0
-65 -290 0
-66 -291 0
-67 -292 0
-68 -293 0
-69 -294 0
-70 -295 0
-71 -296 0
-72 -297 0
-64 -298 0
-65 -299 0
-66 -300 0
-67 -301 0
-68 -302 0
-69 -303 0
-70 -304 0
-71 -305 0
-72 -306 0
-64 -307 0
-65 -308 0
-66 -309 0
-67 -310 0
-68 -311 0
-69 -312 0
-70 -313 0
-71 -314 0
-72 -315 0
-64 -316 0
-65 -317 0
-66 -318 0
-67 -319 0
-68 -320 0
-69 -321 0
-70 -322 0
-71 -323 0
-72 -324 0
-64 -343 0
-65 -344 0
-66 -345 0
-67 -346 0
-68 -347 0
-69 -348 0
-70 -349 0
-71 -350 0
-72 -351 0
-64 -352 0
-65 -353 0
-66 -354 0
-67 -355 0
-68 -356 0
-69 -357 0
-70 -358 0
-71 -359 0
-72 -360 0
-64 -361 0
-65 -362 0
-66 -363 0
-67 -364 0
-68 -365 0
-69 -366 0
-70 -367 0
-71 -368 0
-72 -369 0
-64 -370 0
-65 -371 0
-66 -372 0
-67 -373 0
-68 -374 0
-69 -375 0
-70 -376 0
-71 -377 0
-72 -378 0
-64 -388 0
-65 -389 0
-66 -390 0
-67 -391 0
-68 -392 0
-69 -393 0
-70 -394 0
-71 -395 0
-72 -396 0
-64 -397 0
-65 -398 0
-66 -399 0
-67 -400 0
-68 -401 0
-69 -402 0
-70 -403 0
-71 -404 0
-72 -405 0
-64 -406 0
-65 -407 0
-66 -408 0
-67 -409 0
-68 -410 0
-69 -411 0
-70 -412 0
-71 -413 0
-72 -414 0
-64 -415 0
-65 -416 0
-66 -417 0
-67 -418 0
-68 -419 0
-69 -420 0
-70 -421 0
-71 -422 0
-72 -423 0
-64 -424 0
-65 -425 0
-66 -426 0
-67 -427 0
-68 -428 0
-69 -429 0
-70 -430 0
-71 -431 0
-72 -432 0
-64 -433 0
-65 -434 0
-66 -435 0
-67 -436 0
-68 -437 0
-69 -438 0
-70 -439 0
-71 -440 0
-72 -441 0
-64 -442 0
-65 -443 0
-66 -444 0
-67 -445 0
-68 -446 0
-69 -447 0
-70 -448 0
-71 -449 0
-72 -450 0
-73 -91 0
-74 -92 0
-75 -93 0
-76 -94 0
-77 -95 0
-78 -96 0
-79 -97 0
-80 -98 0
-81 -99 0
-73 -100 0
-74 -101 0
-75 -102 0
-76 -103 0
-77 -104 0
-78 -105 0
-79 -106 0
-80 -107 0
-81 -108 0
-73 -109 0
-74 -110 0
-75 -111 0
-76 -112 0
-77 -113 0
-78 -114 0
-79 -115 0
-80 -116 0
-81 -117 0
-73 -127 0
-74 -128 0
-75 -129 0
-76 -130 0
-77 -131 0
-78 -132 0
-79 -133 0
-80 -134 0
-81 -135 0
-73 -154 0
-74 -155 0
-75 -156 0
-76 -157 0
-77 -158 0
-78 -159 0
-79 -160 0
-80 -161 0
-81 -162 0
-73 -163 0
-74 -164 0
-75 -165 0
-76 -166 0
-77 -167 0
-78 -168 0
-79 -169 0
-80 -170 0
-81 -171 0
-73 -172 0
-74 -173 0
-75 -174 0
-76 -175 0
-77 -176 0
-78 -177 0
-79 -178 0
-80 -179 0
-81 -180 0
-73 -181 0
-74 -182 0
-75 -183 0
-76 -184 0
-77 -185 0
-78 -186 0
-79 -187 0
-80 -188 0
-81 -189 0
-73 -190 0
-74 -191 0
-75 -192 0
-76 -193 0
-77 -194 0
-78 -195 0
-79 -196 0
-80 -197 0
-81 -198 0
-73 -199 0
-74 -200 0
-75 -201 0
-76 -202 0
-77 -203 0
-78 -204 0
-79 -205 0
-80 -206 0
-81 -207 0
-73 -217 0
-74 -218 0
-75 -219 0
-76 -220 0
-77 -221 0
-78 -222 0
-79 -223 0
-80 -224 0
-81 -225 0
-73 -235 0
-74 -236 0
-75 -237 0
-76 -238 0
-77 -239 0
-78 -240 0
-79 -241 0
-80 -242 0
-81 -243 0
-73 -244 0
-74 -245 0
-75 -246 0
-76 -247 0
-77 -248 0
-78 -249 0
-79 -250 0
-80 -251 0
-81 -252 0
-73 -253 0
-74 -254 0
-75 -255 0
-76 -256 0
-77 -257 0
-78 -258 0
-79 -259 0
-80 -260 0
-81 -261 0
-73 -262 0
-74 -263 0
-75 -264 0
-76 -265 0
-77 -266 0
-78 -267 0
-79 -268 0
-80 -269 0
-81 -270 0
-73 -271 0
-74 -272 0
-75 -273 0
-76 -274 0
-77 -275 0
-78 -276 0
-79 -277 0
-80 -278 0
-81 -279 0
-73 -298 0
-74 -299 0
-75 -300 0
-76 -301 0
-77 -302 0
-78 -303 0
-79 -304 0
-80 -305 0
-81 -306 0
-73 -316 0
-74 -317 0
-75 -318 0
-76 -319 0
-77 -320 0
-78 -321 0
-79 -322 0
-80 -323 0
-81 -324 0
-73 -343 0
-74 -344 0
-75 -345 0
-76 -346 0
-77 -347 0
-78 -348 0
-79 -349 0
-80 -350 0
-81 -351 0
-73 -361 0
-74 -362 0
-75 -363 0
-76 -364 0
-77 -365 0
-78 -366 0
-79 -367 0
-80 -368 0
-81 -369 0
-73 -370 0
-74 -371 0
-75 -372 0
-76 -373 0
-77 -374 0
-78 -375 0
-79 -376 0
-80 -377 0
-81 -378 0
-73 -388 0
-74 -389 0
-75 -390 0
-76 -391 0
-77 -392 0
-78 -393 0
-79 -394 0
-80 -395 0
-81 -396 0
-73 -397 0
-74 -398 0
-75 -399 0
-76 -400 0
-77 -401 0
-78 -402 0
-79 -403 0
-80 -404 0
-81 -405 0
-73 -406 0
-74 -407 0
-75 -408 0
-76 -409 0
-77 -410 0
-78 -411 0
-79 -412 0
-80 -413 0
-81 -414 0
-73 -424 0
-74 -425 0
-75 -426 0
-76 -427 0
-77 -428 0
-78 -429 0
-79 -430 0
-80 -431 0
-81 -432 0
-73 -433 0
-74 -434 0
-75 -435 0
-76 -436 0
-77 -437 0
-78 -438 0
-79 -439 0
-80 -440 0
-81 -441 0
-73 -442 0
-74 -443 0
-75 -444 0
-76 -445 0
-77 -446 0
-78 -447 0
-79 -448 0
-80 -449 0
-81 -450 0
-82 -91 0
-83 -92 0
-84 -93 0
-85 -94 0
-86 -95 0
-87 -96 0
-88 -97 0
-89 -98 0
-90 -99 0
-82 -100 0
-83 -101 0
-84 -102 0
-85 -103 0
-86 -104 0
-87 -105 0
-88 -106 0
-89 -107 0
-90 -108 0
-82 -109 0
-83 -110 0
-84 -111 0
-85 -112 0
-86 -113 0
-87 -114 0
-88 -115 0
-89 -116 0
-90 -117 0
-82 -127 0
-83 -128 0
-84 -129 0
-85 -130 0
-86 -131 0
-87 -132 0
-88 -133 0
-89 -134 0
-90 -135 0
-82 -136 0
-83 -137 0
-84 -138 0
-85 -139 0
-86 -140 0
-87 -141 0
-88 -142 0
-89 -143 0
-90 -144 0
-82 -145 0
-83 -146 0
-84 -147 0
-85 -148 0
-86 -149 0
-87 -150 0
-88 -151 0
-89 -152 0
-90 -153 0
-82 -154 0
-83 -155 0
-84 -156 0
-85 -157 0
-86 -158 0
-87 -159 0
-88 -160 0
-89 -161 0
-90 -162 0
-82 -163 0
-83 -164 0
-84 -165 0
-85 -166 0
-86 -167 0
-87 -168 0
-88 -169 0
-89 -170 0
-90 -171 0
-82 -172 0
-83 -173 0
-84 -174 0
-85 -175 0
-86 -176 0
-87 -177 0
-88 -178 0
-89 -179 0
-90 -180 0
-82 -190 0
-83 -191 0
-84 -192 0
-85 -193 0
-86 -194 0
-87 -195 0
-88 -196 0
-89 -197 0
-90 -198 0
-82 -208 0
-83 -209 0
-84 -210 0
-85 -211 0
-86 -212 0
-87 -213 0
-88 -214 0
-89 -215 0
-90 -216 0
-82 -217 0
-83 -218 0
-84 -219 0
-85 -220 0
-86 -221 0
-87 -222 0
-88 -223 0
-89 -224 0
-90 -225 0
-82 -253 0
-83 -254 0
-84 -255 0
-85 -256 0
-86 -257 0
-87 -258 0
-88 -259 0
-89 -260 0
-90 -261 0
-82 -262 0
-83 -263 0
-84 -264 0
-85 -265 0
-86 -266 0
-87 -267 0
-88 -268 0
-89 -269 0
-90 -270 0
-82 -280 0
-83 -281 0
-84 -282 0
-85 -283 0
-86 -284 0
-87 -285 0
-88 -286 0
-89 -287 0
-90 -288 0
-82 -289 0
-83 -290 0
-84 -291 0
-85 -292 0
-86 -293 0
-87 -294 0
-88 -295 0
-89 -296 0
-90 -297 0
-82 -298 0
-83 -299 0
-84 -300 0
-85 -301 0
-86 -302 0
-87 -303 0
-88 -304 0
-89 -305 0
-90 -306 0
-82 -307 0
-83 -308 0
-84 -309 0
-85 -310 0
-86 -311 0
-87 -312 0
-88 -313 0
-89 -314 0
-90 -315 0
-82 -316 0
-83 -317 0
-84 -318 0
-85 -319 0
-86 -320 0
-87 -321 0
-88 -322 0
-89 -323 0
-90 -324 0
-82 -343 0
-83 -344 0
-84 -345 0
-85 -346 0
-86 -347 0
-87 -348 0
-88 -349 0
-89 -350 0
-90 -351 0
-82 -352 0
-83 -353 0
-84 -354 0
-85 -355 0
-86 -356 0
-87 -357 0
-88 -358 0
-89 -359 0
-90 -360 0
-82 -370 0
-83 -371 0
-84 -372 0
-85 -373 0
-86 -374 0
-87 -375 0
-88 -376 0
-89 -377 0
-90 -378 0
-82 -388 0
-83 -389 0
-84 -390 0
-85 -391 0
-86 -392 0
-87 -393 0
-88 -394 0
-89 -395 0
-90 -396 0
-82 -397 0
-83 -398 0
-84 -399 0
-85 -400 0
-86 -401 0
-87 -402 0
-88 -403 0
-89 -404 0
-90 -405 0
-82 -415 0
-83 -416 0
-84 -417 0
-85 -418 0
-86 -419 0
-87 -420 0
-88 -421 0
-89 -422 0
-90 -423 0
-82 -424 0
-83 -425 0
-84 -426 0
-85 -427 0
-86 -428 0
-87 -429 0
-88 -430 0
-89 -431 0
-90 -432 0
-82 -433 0
-83 -434 0
-84 -435 0
-85 -436 0
-86 -437 0
-87 -438 0
-88 -439 0
-89 -440 0
-90 -441 0
-82 -442 0
-83 -443 0
-84 -444 0
-85 -445 0
-86 -446 0
-87 -447 0
-88 -448 0
-89 -449 0
-90 -450 0
-91 -100 0
-92 -101 0
-93 -102 0
-94 -103 0
-95 -104 0
-96 -105 0
-97 -106 0
-98 -107 0
-99 -108 0
-91 -109 0
-92 -110 0
-93 -111 0
-94 -112 0
-95 -113 0
-96 -114 0
-97 -115 0
-98 -116 0
-99 -117 0
-91 -118 0
-92 -119 0
-93 -120 0
-94 -121 0
-95 -122 0
-96 -123 0
-97 -124 0
-98 -125 0
-99 -126 0
-91 -127 0
-92 -128 0
-93 -129 0
-94 -130 0
-95 -131 0
-96 -132 0
-97 -133 0
-98 -134 0
-99 -135 0
-91 -145 0
-92 -146 0
-93 -147 0
-94 -148 0
-95 -149 0
-96 -150 0
-97 -151 0
-98 -152 0
-99 -153 0
-91 -154 0
-92 -155 0
-93 -156 0
-94 -157 0
-95 -158 0
-96 -159 0
-97 -160 0
-98 -161 0
-99 -162 0
-91 -163 0
-92 -164 0
-93 -165 0
-94 -166 0
-95 -167 0
-96 -168 0
-97 -169 0
-98 -170 0
-99 -171 0
-91 -172 0
-92 -173 0
-93 -174 0
-94 -175 0
-95 -176 0
-96 -177 0
-97 -178 0
-98 -179 0
-99 -180 0
-91 -181 0
-92 -182 0
-93 -183 0
-94 -184 0
-95 -185 0
-96 -186 0
-97 -187 0
-98 -188 0
-99 -189 0
-91 -208 0
-92 -209 0
-93 -210 0
-94 -211 0
-95 -212 0
-96 -213 0
-97 -214 0
-98 -215 0
-99 -216 0
-91 -217 0
-92 -218 0
-93 -219 0
-94 -220 0
-95 -221 0
-96 -222 0
-97 -223 0
-98 -224 0
-99 -225 0
-91 -235 0
-92 -236 0
-93 -237 0
-94 -238 0
-95 -239 0
-96 -240 0
-97 -241 0
-98 -242 0
-99 -243 0
-91 -244 0
-92 -245 0
-93 -246 0
-94 -247 0
-95 -248 0
-96 -249 0
-97 -250 0
-98 -251 0
-99 -252 0
-91 -253 0
-92 -254 0
-93 -255 0
-94 -256 0
-95 -257 0
-96 -258 0
-97 -259 0
-98 -260 0
-99 -261 0
-91 -271 0
-92 -272 0
-93 -273 0
-94 -274 0
-95 -275 0
-96 -276 0
-97 -277 0
-98 -278 0
-99 -279 0
-91 -289 0
-92 -290 0
-93 -291 0
-94 -292 0
-95 -293 0
-96 -294 0
-97 -295 0
-98 -296 0
-99 -297 0
-91 -298 0
-92 -299 0
-93 -300 0
-94 -301 0
-95 -302 0
-96 -303 0
-97 -304 0
-98 -305 0
-99 -306 0
-91 -307 0
-92 -308 0
-93 -309 0
-94 -310 0
-95 -311 0
-96 -312 0
-97 -313 0
-98 -314 0
-99 -315 0
-91 -316 0
-92 -317 0
-93 -318 0
-94 -319 0
-95 -320 0
-96 -321 0
-97 -322 0
-98 -323 0
-99 -324 0
-91 -334 0
-92 -335 0
-93 -336 0
-94 -337 0
-95 -338 0
-96 -339 0
-97 -340 0
-98 -341 0
-99 -342 0
-91 -343 0
-92 -344 0
-93 -345 0
-94 -346 0
-95 -347 0
-96 -348 0
-97 -349 0
-98 -350 0
-99 -351 0
-91 -352 0
-92 -353 0
-93 -354 0
-94 -355 0
-95 -356 0
-96 -357 0
-97 -358 0
-98 -359 0
-99 -360 0
-91 -361 0
-92 -362 0
-93 -363 0
-94 -364 0
-95 -365 0
-96 -366 0
-97 -367 0
-98 -368 0
-99 -369 0
-91 -370 0
-92 -371 0
-93 -372 0
-94 -373 0
-95 -374 0
-96 -375 0
-97 -376 0
-98 -377 0
-99 -378 0
-91 -379 0
-92 -380 0
-93 -381 0
-94 -382 0
-95 -383 0
-96 -384 0
-97 -385 0
-98 -386 0
-99 -387 0
-91 -388 0
-92 -389 0
-93 -390 0
-94 -391 0
-95 -392 0
-96 -393 0
-97 -394 0
-98 -395 0
-99 -396 0
-91 -406 0
-92 -407 0
-93 -408 0
-94 -409 0
-95 -410 0
-96 -411 0
-97 -412 0
-98 -413 0
-99 -414 0
-91 -415 0
-92 -416 0
-93 -417 0
-94 -418 0
-95 -419 0
-96 -420 0
-97 -421 0
-98 -422 0
-99 -423 0
-100 -109 0
-101 -110 0
-102 -111 0
-103 -112 0
-104 -113 0
-105 -114 0
-106 -115 0
-107 -116 0
-108 -117 0
-100 -118 0
-101 -119 0
-102 -120 0
-103 -121 0
-104 -122 0
-105 -123 0
-106 -124 0
-107 -125 0
-108 -126 0
-100 -127 0
-101 -128 0
-102 -129 0
-103 -130 0
-104 -131 0
-105 -132 0
-106 -133 0
-107 -134 0
-108 -135 0
-100 -136 0
-101 -137 0
-102 -138 0
-103 -139 0
-104 -140 0
-105 -141 0
-106 -142 0
-107 -143 0
-108 -144 0
-100 -145 0
-101 -146 0
-102 -147 0
-103 -148 0
-104 -149 0
-105 -150 0
-106 -151 0
-107 -152 0
-108 -153 0
-100 -163 0
-101 -164 0
-102 -165 0
-103 -166 0
-104 -167 0
-105 -168 0
-106 -169 0
-107 -170 0
-108 -171 0
-100 -172 0
-101 -173 0
-102 -174 0
-103 -175 0
-104 -176 0
-105 -177 0
-106 -178 0
-107 -179 0
-108 -180 0
-100 -181 0
-101 -182 0
-102 -183 0
-103 -184 0
-104 -185 0
-105 -186 0
-106 -187 0
-107 -188 0
-108 -189 0
-100 -199 0
-101 -200 0
-102 -201 0
-103 -202 0
-104 -203 0
-105 -204 0
-106 -205 0
-107 -206 0
-108 -207 0
-100 -208 0
-101 -209 0
-102 -210 0
-103 -211 0
-104 -212 0
-105 -213 0
-106 -214 0
-107 -215 0
-108 -216 0
-100 -217 0
-101 -218 0
-102 -219 0
-103 -220 0
-104 -221 0
-105 -222 0
-106 -223 0
-107 -224 0
-108 -225 0
-100 -226 0
-101 -227 0
-102 -228 0
-103 -229 0
-104 -230 0
-105 -231 0
-106 -232 0
-107 -233 0
-108 -234 0
-100 -235 0
-101 -236 0
-102 -237 0
-103 -238 0
-104 -239 0
-105 -240 0
-106 -241 0
-107 -242 0
-108 -243 0
-100 -244 0
-101 -245 0
-102 -246 0
-103 -247 0
-104 -248 0
-105 -249 0
-106 -250 0
-107 -251 0
-108 -252 0
-100 -253 0
-101 -254 0
-102 -255 0
-103 -256 0
-104 -257 0
-105 -258 0
-106 -259 0
-107 -260 0
-108 -261 0
-100 -271 0
-101 -272 0
-102 -273 0
-103 -274 0
-104 -275 0
-105 -276 0
-106 -277 0
-107 -278 0
-108 -279 0
-100 -280 0
-101 -281 0
-102 -282 0
-103 -283 0
-104 -284 0
-105 -285 0
-106 -286 0
-107 -287 0
-108 -288 0
-100 -289 0
-101 -290 0
-102 -291 0
-103 -292 0
-104 -293 0
-105 -294 0
-106 -295 0
-107 -296 0
-108 -297 0
-100 -298 0
-101 -299 0
-102 -300 0
-103 -301 0
-104 -302 0
-105 -303 0
-106 -304 0
-107 -305 0
-108 -306 0
-100 -307 0
-101 -308 0
-102 -309 0
-103 -310 0
-104 -311 0
-105 -312 0
-106 -313 0
-107 -314 0
-108 -315 0
-100 -325 0
-101 -326 0
-102 -327 0
-103 -328 0
-104 -329 0
-105 -330 0
-106 -331 0
-107 -332 0
-108 -333 0
-100 -343 0
-101 -344 0
-102 -345 0
-103 -346 0
-104 -347 0
-105 -348 0
-106 -349 0
-107 -350 0
-108 -351 0
-100 -352 0
-101 -353 0
-102 -354 0
-103 -355 0
-104 -356 0
-105 -357 0
-106 -358 0
-107 -359 0
-108 -360 0
-100 -361 0
-101 -362 0
-102 -363 0
-103 -364 0
-104 -365 0
-105 -366 0
-106 -367 0
-107 -368 0
-108 -369 0
-100 -370 0
-101 -371 0
-102 -372 0
-103 -373 0
-104 -374 0
-105 -375 0
-106 -376 0
-107 -377 0
-108 -378 0
-100 -379 0
-101 -380 0
-102 -381 0
-103 -382 0
-104 -383 0
-105 -384 0
-106 -385 0
-107 -386 0
-108 -387 0
-100 -388 0
-101 -389 0
-102 -390 0
-103 -391 0
-104 -392 0
-105 -393 0
-106 -394 0
-107 -395 0
-108 -396 0
-100 -397 0
-101 -398 0
-102 -399 0
-103 -400 0
-104 -401 0
-105 -402 0
-106 -403 0
-107 -404 0
-108 -405 0
-100 -406 0
-101 -407 0
-102 -408 0
-103 -409 0
-104 -410 0
-105 -411 0
-106 -412 0
-107 -413 0
-108 -414 0
-100 -415 0
-101 -416 0
-102 -417 0
-103 -418 0
-104 -419 0
-105 -420 0
-106 -421 0
-107 -422 0
-108 -423 0
-100 -424 0
-101 -425 0
-102 -426 0
-103 -427 0
-104 -428 0
-105 -429 0
-106 -430 0
-107 -431 0
-108 -432 0
-100 -433 0
-101 -434 0
-102 -435 0
-103 -436 0
-104 -437 0
-105 -438 0
-106 -439 0
-107 -440 0
-108 -441 0
-100 -442 0
-101 -443 0
-102 -444 0
-103 -445 0
-104 -446 0
-105 -447 0
-106 -448 0
-107 -449 0
-108 -450 0
-109 -127 0
-110 -128 0
-111 -129 0
-112 -130 0
-113 -131 0
-114 -132 0
-115 -133 0
-116 -134 0
-117 -135 0
-109 -136 0
-110 -137 0
-111 -138 0
-112 -139 0
-113 -140 0
-114 -141 0
-115 -142 0
-116 -143 0
-117 -144 0
-109 -145 0
-110 -146 0
-111 -147 0
-112 -148 0
-113 -149 0
-114 -150 0
-115 -151 0
-116 -152 0
-117 -153 0
-109 -154 0
-110 -155 0
-111 -156 0
-112 -157 0
-113 -158 0
-114 -159 0
-115 -160 0
-116 -161 0
-117 -162 0
-109 -163 0
-110 -164 0
-111 -165 0
-112 -166 0
-113 -167 0
-114 -168 0
-115 -169 0
-116 -170 0
-117 -171 0
-109 -172 0
-110 -173 0
-111 -174 0
-112 -175 0
-113 -176 0
-114 -177 0
-115 -178 0
-116 -179 0
-117 -180 0
-109 -199 0
-110 -200 0
-111 -201 0
-112 -202 0
-113 -203 0
-114 -204 0
-115 -205 0
-116 -206 0
-117 -207 0
-109 -217 0
-110 -218 0
-111 -219 0
-112 -220 0
-113 -221 0
-114 -222 0
-115 -223 0
-116 -224 0
-117 -225 0
-109 -226 0
-110 -227 0
-111 -228 0
-112 -229 0
-113 -230 0
-114 -231 0
-115 -232 0
-116 -233 0
-117 -234 0
-109 -244 0
-110 -245 0
-111 -246 0
-112 -247 0
-113 -248 0
-114 -249 0
-115 -250 0
-116 -251 0
-117 -252 0
-109 -253 0
-110 -254 0
-111 -255 0
-112 -256 0
-113 -257 0
-114 -258 0
-115 -259 0
-116 -260 0
-117 -261 0
-109 -262 0
-110 -263 0
-111 -264 0
-112 -265 0
-113 -266 0
-114 -267 0
-115 -268 0
-116 -269 0
-117 -270 0
-109 -271 0
-110 -272 0
-111 -273 0
-112 -274 0
-113 -275 0
-114 -276 0
-115 -277 0
-116 -278 0
-117 -279 0
-109 -280 0
-110 -281 0
-111 -282 0
-112 -283 0
-113 -284 0
-114 -285 0
-115 -286 0
-116 -287 0
-117 -288 0
-109 -289 0
-110 -290 0
-111 -291 0
-112 -292 0
-113 -293 0
-114 -294 0
-115 -295 0
-116 -296 0
-117 -297 0
-109 -298 0
-110 -299 0
-111 -300 0
-112 -301 0
-113 -302 0
-114 -303 0
-115 -304 0
-116 -305 0
-117 -306 0
-109 -307 0
-110 -308 0
-111 -309 0
-112 -310 0
-113 -311 0
-114 -312 0
-115 -313 0
-116 -314 0
-117 -315 0
-109 -325 0
-110 -326 0
-111 -327 0
-112 -328 0
-113 -329 0
-114 -330 0
-115 -331 0
-116 -332 0
-117 -333 0
-109 -370 0
-110 -371 0
-111 -372 0
-112 -373 0
-113 -374 0
-114 -375 0
-115 -376 0
-116 -377 0
-117 -378 0
-109 -379 0
-110 -380 0
-111 -381 0
-112 -382 0
-113 -383 0
-114 -384 0
-115 -385 0
-116 -386 0
-117 -387 0
-109 -388 0
-110 -389 0
-111 -390 0
-112 -391 0
-113 -392 0
-114 -393 0
-115 -394 0
-116 -395 0
-117 -396 0
-109 -406 0
-110 -407 0
-111 -408 0
-112 -409 0
-113 -410 0
-114 -411 0
-115 -412 0
-116 -413 0
-117 -414 0
-109 -415 0
-110 -416 0
-111 -417 0
-112 -418 0
-113 -419 0
-114 -420 0
-115 -421 0
-116 -422 0
-117 -423 0
-109 -424 0
-110 -425 0
-111 -426 0
-112 -427 0
-113 -428 0
-114 -429 0
-115 -430 0
-116 -431 0
-117 -432 0
-109 -433 0
-110 -434 0
-111 -435 0
-112 -436 0
-113 -437 0
-114 -438 0
-115 -439 0
-116 -440 0
-117 -441 0
-109 -442 0
-110 -443 0
-111 -444 0
-112 -445 0
-113 -446 0
-114 -447 0
-115 -448 0
-116 -449 0
-117 -450 0
-118 -127 0
-119 -128 0
-120 -129 0
-121 -130 0
-122 -131 0
-123 -132 0
-124 -133 0
-125 -134 0
-126 -135 0
-118 -154 0
-119 -155 0
-120 -156 0
-121 -157 0
-122 -158 0
-123 -159 0
-124 -160 0
-125 -161 0
-126 -162 0
-118 -163 0
-119 -164 0
-120 -165 0
-121 -166 0
-122 -167 0
-123 -168 0
-124 -169 0
-125 -170 0
-126 -171 0
-118 -181 0
-119 -182 0
-120 -183 0
-121 -184 0
-122 -185 0
-123 -186 0
-124 -187 0
-125 -188 0
-126 -189 0
-118 -190 0
-119 -191 0
-120 -192 0
-121 -193 0
-122 -194 0
-123 -195 0
-124 -196 0
-125 -197 0
-126 -198 0
-118 -235 0
-119 -236 0
-120 -237 0
-121 -238 0
-122 -239 0
-123 -240 0
-124 -241 0
-125 -242 0
-126 -243 0
-118 -244 0
-119 -245 0
-120 -246 0
-121 -247 0
-122 -248 0
-123 -249 0
-124 -250 0
-125 -251 0
-126 -252 0
-118 -253 0
-119 -254 0
-120 -255 0
-121 -256 0
-122 -257 0
-123 -258 0
-124 -259 0
-125 -260 0
-126 -261 0
-118 -262 0
-119 -263 0
-120 -264 0
-121 -265 0
-122 -266 0
-123 -267 0
-124 -268 0
-125 -269 0
-126 -270 0
-118 -271 0
-119 -272 0
-120 -273 0
-121 -274 0
-122 -275 0
-123 -276 0
-124 -277 0
-125 -278 0
-126 -279 0
-118 -289 0
-119 -290 0
-120 -291 0
-121 -292 0
-122 -293 0
-123 -294 0
-124 -295 0
-125 -296 0
-126 -297 0
-118 -307 0
-119 -308 0
-120 -309 0
-121 -310 0
-122 -311 0
-123 -312 0
-124 -313 0
-125 -314 0
-126 -315 0
-118 -316 0
-119 -317 0
-120 -318 0
-121 -319 0
-122 -320 0
-123 -321 0
-124 -322 0
-125 -323 0
-126 -324 0
-118 -325 0
-119 -326 0
-120 -327 0
-121 -328 0
-122 -329 0
-123 -330 0
-124 -331 0
-125 -332 0
-126 -333 0
-118 -334 0
-119 -335 0
-120 -336 0
-121 -337 0
-122 -338 0
-123 -339 0
-124 -340 0
-125 -341 0
-126 -342 0
-118 -352 0
-119 -353 0
-120 -354 0
-121 -355 0
-122 -356 0
-123 -357 0
-124 -358 0
-125 -359 0
-126 -360 0
-118 -361 0
-119 -362 0
-120 -363 0
-121 -364 0
-122 -365 0
-123 -366 0
-124 -367 0
-125 -368 0
-126 -369 0
-118 -379 0
-119 -380 0
-120 -381 0
-121 -382 0
-122 -383 0
-123 -384 0
-124 -385 0
-125 -386 0
-126 -387 0
-118 -388 0
-119 -389 0
-120 -390 0
-121 -391 0
-122 -392 0
-123 -393 0
-124 -394 0
-125 -395 0
-126 -396 0
-118 -424 0
-119 -425 0
-120 -426 0
-121 -427 0
-122 -428 0
-123 -429 0
-124 -430 0
-125 -431 0
-126 -432 0
-118 -433 0
-119 -434 0
-120 -435 0
-121 -436 0
-122 -437 0
-123 -438 0
-124 -439 0
-125 -440 0
-126 -441 0
-127 -136 0
-128 -137 0
-129 -138 0
-130 -139 0
-131 -140 0
-132 -141 0
-133 -142 0
-134 -143 0
-135 -144 0
-127 -145 0
-128 -146 0
-129 -147 0
-130 -148 0
-131 -149 0
-132 -150 0
-133 -151 0
-134 -152 0
-135 -153 0
-127 -154 0
-128 -155 0
-129 -156 0
-130 -157 0
-131 -158 0
-132 -159 0
-133 -160 0
-134 -161 0
-135 -162 0
-127 -163 0
-128 -164 0
-129 -165 0
-130 -166 0
-131 -167 0
-132 -168 0
-133 -169 0
-134 -170 0
-135 -171 0
-127 -181 0
-128 -182 0
-129 -183 0
-130 -184 0
-131 -185 0
-132 -186 0
-133 -187 0
-134 -188 0
-135 -189 0
-127 -190 0
-128 -191 0
-129 -192 0
-130 -193 0
-131 -194 0
-132 -195 0
-133 -196 0
-134 -197 0
-135 -198 0
-127 -199 0
-128 -200 0
-129 -201 0
-130 -202 0
-131 -203 0
-132 -204 0
-133 -205 0
-134 -206 0
-135 -207 0
-127 -208 0
-128 -209 0
-129 -210 0
-130 -211 0
-131 -212 0
-132 -213 0
-133 -214 0
-134 -215 0
-135 -216 0
-127 -217 0
-128 -218 0
-129 -219 0
-130 -220 0
-131 -221 0
-132 -222 0
-133 -223 0
-134 -224 0
-135 -225 0
-127 -226 0
-128 -227 0
-129 -228 0
-130 -229 0
-131 -230 0
-132 -231 0
-133 -232 0
-134 -233 0
-135 -234 0
-127 -235 0
-128 -236 0
-129 -237 0
-130 -238 0
-131 -239 0
-132 -240 0
-133 -241 0
-134 -242 0
-135 -243 0
-127 -244 0
-128 -245 0
-129 -246 0
-130 -247 0
-131 -248 0
-132 -249 0
-133 -250 0
-134 -251 0
-135 -252 0
-127 -262 0
-128 -263 0
-129 -264 0
-130 -265 0
-131 -266 0
-132 -267 0
-133 -268 0
-134 -269 0
-135 -270 0
-127 -280 0
-128 -281 0
-129 -282 0
-130 -283 0
-131 -284 0
-132 -285 0
-133 -286 0
-134 -287 0
-135 -288 0
-127 -289 0
-128 -290 0
-129 -291 0
-130 -292 0
-131 -293 0
-132 -294 0
-133 -295 0
-134 -296 0
-135 -297 0
-127 -316 0
-128 -317 0
-129 -318 0
-130 -319 0
-131 -320 0
-132 -321 0
-133 -322 0
-134 -323 0
-135 -324 0
-127 -325 0
-128 -326 0
-129 -327 0
-130 -328 0
-131 -329 0
-132 -330 0
-133 -331 0
-134 -332 0
-135 -333 0
-127 -334 0
-128 -335 0
-129 -336 0
-130 -337 0
-131 -338 0
-132 -339 0
-133 -340 0
-134 -341 0
-135 -342 0
-127 -343 0
-128 -344 0
-129 -345 0
-130 -346 0
-131 -347 0
-132 -348 0
-133 -349 0
-134 -350 0
-135 -351 0
-127 -361 0
-128 -362 0
-129 -363 0
-130 -364 0
-131 -365 0
-132 -366 0
-133 -367 0
-134 -368 0
-135 -369 0
-127 -370 0
-128 -371 0
-129 -372 0
-130 -373 0
-131 -374 0
-132 -375 0
-133 -376 0
-134 -377 0
-135 -378 0
-127 -379 0
-128 -380 0
-129 -381 0
-130 -382 0
-131 -383 0
-132 -384 0
-133 -385 0
-134 -386 0
-135 -387 0
-127 -388 0
-128 -389 0
-129 -390 0
-130 -391 0
-131 -392 0
-132 -393 0
-133 -394 0
-134 -395 0
-135 -396 0
-127 -397 0
-128 -398 0
-129 -399 0
-130 -400 0
-131 -401 0
-132 -402 0
-133 -403 0
-134 -404 0
-135 -405 0
-127 -424 0
-128 -425 0
-129 -426 0
-130 -427 0
-131 -428 0
-132 -429 0
-133 -430 0
-134 -431 0
-135 -432 0
-127 -442 0
-128 -443 0
-129 -444 0
-130 -445 0
-131 -446 0
-132 -447 0
-133 -448 0
-134 -449 0
-135 -450 0
-136 -154 0
-137 -155 0
-138 -156 0
-139 -157 0
-140 -158 0
-141 -159 0
-142 -160 0
-143 -161 0
-144 -162 0
-136 -163 0
-137 -164 0
-138 -165 0
-139 -166 0
-140 -167 0
-141 -168 0
-142 -169 0
-143 -170 0
-144 -171 0
-136 -172 0
-137 -173 0
-138 -174 0
-139 -175 0
-140 -176 0
-141 -177 0
-142 -178 0
-143 -179 0
-144 -180 0
-136 -181 0
-137 -182 0
-138 -183 0
-139 -184 0
-140 -185 0
-141 -186 0
-142 -187 0
-143 -188 0
-144 -189 0
-136 -190 0
-137 -191 0
-138 -192 0
-139 -193 0
-140 -194 0
-141 -195 0
-142 -196 0
-143 -197 0
-144 -198 0
-136 -199 0
-137 -200 0
-138 -201 0
-139 -202 0
-140 -203 0
-141 -204 0
-142 -205 0
-143 -206 0
-144 -207 0
-136 -208 0
-137 -209 0
-138 -210 0
-139 -211 0
-140 -212 0
-141 -213 0
-142 -214 0
-143 -215 0
-144 -216 0
-136 -217 0
-137 -218 0
-138 -219 0
-139 -220 0
-140 -221 0
-141 -222 0
-142 -223 0
-143 -224 0
-144 -225 0
-136 -226 0
-137 -227 0
-138 -228 0
-139 -229 0
-140 -230 0
-141 -231 0
-142 -232 0
-143 -233 0
-144 -234 0
-136 -235 0
-137 -236 0
-138 -237 0
-139 -238 0
-140 -239 0
-141 -240 0
-142 -241 0
-143 -242 0
-144 -243 0
-136 -262 0
-137 -263 0
-138 -264 0
-139 -265 0
-140 -266 0
-141 -267 0
-142 -268 0
-143 -269 0
-144 -270 0
-136 -280 0
-137 -281 0
-138 -282 0
-139 -283 0
-140 -284 0
-141 -285 0
-142 -286 0
-143 -287 0
-144 -288 0
-136 -289 0
-137 -290 0
-138 -291 0
-139 -292 0
-140 -293 0
-141 -294 0
-142 -295 0
-143 -296 0
-144 -297 0
-136 -298 0
-137 -299 0
-138 -300 0
-139 -301 0
-140 -302 0
-141 -303 0
-142 -304 0
-143 -305 0
-144 -306 0
-136 -307 0
-137 -308 0
-138 -309 0
-139 -310 0
-140 -311 0
-141 -312 0
-142 -313 0
-143 -314 0
-144 -315 0
-136 -316 0
-137 -317 0
-138 -318 0
-139 -319 0
-140 -320 0
-141 -321 0
-142 -322 0
-143 -323 0
-144 -324 0
-136 -325 0
-137 -326 0
-138 -327 0
-139 -328 0
-140 -329 0
-141 -330 0
-142 -331 0
-143 -332 0
-144 -333 0
-136 -334 0
-137 -335 0
-138 -336 0
-139 -337 0
-140 -338 0
-141 -339 0
-142 -340 0
-143 -341 0
-144 -342 0
-136 -343 0
-137 -344 0
-138 -345 0
-139 -346 0
-140 -347 0
-141 -348 0
-142 -349 0
-143 -350 0
-144 -351 0
-136 -352 0
-137 -353 0
-138 -354 0
-139 -355 0
-140 -356 0
-141 -357 0
-142 -358 0
-143 -359 0
-144 -360 0
-136 -379 0
-137 -380 0
-138 -381 0
-139 -382 0
-140 -383 0
-141 -384 0
-142 -385 0
-143 -386 0
-144 -387 0
-136 -388 0
-137 -389 0
-138 -390 0
-139 -391 0
-140 -392 0
-141 -393 0
-142 -394 0
-143 -395 0
-144 -396 0
-136 -397 0
-137 -398 0
-138 -399 0
-139 -400 0
-140 -401 0
-141 -402 0
-142 -403 0
-143 -404 0
-144 -405 0
-136 -406 0
-137 -407 0
-138 -408 0
-139 -409 0
-140 -410 0
-141 -411 0
-142 -412 0
-143 -413 0
-144 -414 0
-136 -415 0
-137 -416 0
-138 -417 0
-139 -418 0
-140 -419 0
-141 -420 0
-142 -421 0
-143 -422 0
-144 -423 0
-136 -424 0
-137 -425 0
-138 -426 0
-139 -427 0
-140 -428 0
-141 -429 0
-142 -430 0
-143 -431 0
-144 -432 0
-136 -433 0
-137 -434 0
-138 -435 0
-139 -436 0
-140 -437 0
-141 -438 0
-142 -439 0
-143 -440 0
-144 -441 0
-136 -442 0
-137 -443 0
-138 -444 0
-139 -445 0
-140 -446 0
-141 -447 0
-142 -448 0
-143 -449 0
-144 -450 0
-145 -154 0
-146 -155 0
-147 -156 0
-148 -157 0
-149 -158 0
-150 -159 0
-151 -160 0
-152 -161 0
-153 -162 0
-145 -163 0
-146 -164 0
-147 -165 0
-148 -166 0
-149 -167 0
-150 -168 0
-151 -169 0
-152 -170 0
-153 -171 0
-145 -181 0
-146 -182 0
-147 -183 0
-148 -184 0
-149 -185 0
-150 -186 0
-151 -187 0
-152 -188 0
-153 -189 0
-145 -190 0
-146 -191 0
-147 -192 0
-148 -193 0
-149 -194 0
-150 -195 0
-151 -196 0
-152 -197 0
-153 -198 0
-145 -199 0
-146 -200 0
-147 -201 0
-148 -202 0
-149 -203 0
-150 -204 0
-151 -205 0
-152 -206 0
-153 -207 0
-145 -208 0
-146 -209 0
-147 -210 0
-148 -211 0
-149 -212 0
-150 -213 0
-151 -214 0
-152 -215 0
-153 -216 0
-145 -235 0
-146 -236 0
-147 -237 0
-148 -238 0
-149 -239 0
-150 -240 0
-151 -241 0
-152 -242 0
-153 -243 0
-145 -244 0
-146 -245 0
-147 -246 0
-148 -247 0
-149 -248 0
-150 -249 0
-151 -250 0
-152 -251 0
-153 -252 0
-145 -253 0
-146 -254 0
-147 -255 0
-148 -256 0
-149 -257 0
-150 -258 0
-151 -259 0
-152 -260 0
-153 -261 0
-145 -262 0
-146 -263 0
-147 -264 0
-148 -265 0
-149 -266 0
-150 -267 0
-151 -268 0
-152 -269 0
-153 -270 0
-145 -280 0
-146 -281 0
-147 -282 0
-148 -283 0
-149 -284 0
-150 -285 0
-151 -286 0
-152 -287 0
-153 -288 0
-145 -289 0
-146 -290 0
-147 -291 0
-148 -292 0
-149 -293 0
-150 -294 0
-151 -295 0
-152 -296 0
-153 -297 0
-145 -298 0
-146 -299 0
-147 -300 0
-148 -301 0
-149 -302 0
-150 -303 0
-151 -304 0
-152 -305 0
-153 -306 0
-145 -307 0
-146 -308 0
-147 -309 0
-148 -310 0
-149 -311 0
-150 -312 0
-151 -313 0
-152 -314 0
-153 -315 0
-145 -316 0
-146 -317 0
-147 -318 0
-148 -319 0
-149 -320 0
-150 -321 0
-151 -322 0
-152 -323 0
-153 -324 0
-145 -352 0
-146 -353 0
-147 -354 0
-148 -355 0
-149 -356 0
-150 -357 0
-151 -358 0
-152 -359 0
-153 -360 0
-145 -361 0
-146 -362 0
-147 -363 0
-148 -364 0
-149 -365 0
-150 -366 0
-151 -367 0
-152 -368 0
-153 -369 0
-145 -370 0
-146 -371 0
-147 -372 0
-148 -373 0
-149 -374 0
-150 -375 0
-151 -376 0
-152 -377 0
-153 -378 0
-145 -379 0
-146 -380 0
-147 -381 0
-148 -382 0
-149 -383 0
-150 -384 0
-151 -385 0
-152 -386 0
-153 -387 0
-145 -388 0
-146 -389 0
-147 -390 0
-148 -391 0
-149 -392 0
-150 -393 0
-151 -394 0
-152 -395 0
-153 -396 0
-145 -415 0
-146 -416 0
-147 -417 0
-148 -418 0
-149 -419 0
-150 -420 0
-151 -421 0
-152 -422 0
-153 -423 0
-145 -433 0
-146 -434 0
-147 -435 0
-148 -436 0
-149 -437 0
-150 -438 0
-151 -439 0
-152 -440 0
-153 -441 0
-145 -442 0
-146 -443 0
-147 -444 0
-148 -445 0
-149 -446 0
-150 -447 0
-151 -448 0
-152 -449 0
-153 -450 0
-154 -163 0
-155 -164 0
-156 -165 0
-157 -166 0
-158 -167 0
-159 -168 0
-160 -169 0
-161 -170 0
-162 -171 0
-154 -172 0
-155 -173 0
-156 -174 0
-157 -175 0
-158 -176 0
-159 -177 0
-160 -178 0
-161 -179 0
-162 -180 0
-154 -181 0
-155 -182 0
-156 -183 0
-157 -184 0
-158 -185 0
-159 -186 0
-160 -187 0
-161 -188 0
-162 -189 0
-154 -190 0
-155 -191 0
-156 -192 0
-157 -193 0
-158 -194 0
-159 -195 0
-160 -196 0
-161 -197 0
-162 -198 0
-154 -199 0
-155 -200 0
-156 -201 0
-157 -202 0
-158 -203 0
-159 -204 0
-160 -205 0
-161 -206 0
-162 -207 0
-154 -217 0
-155 -218 0
-156 -219 0
-157 -220 0
-158 -221 0
-159 -222 0
-160 -223 0
-161 -224 0
-162 -225 0
-154 -226 0
-155 -227 0
-156 -228 0
-157 -229 0
-158 -230 0
-159 -231 0
-160 -232 0
-161 -233 0
-162 -234 0
-154 -235 0
-155 -236 0
-156 -237 0
-157 -238 0
-158 -239 0
-159 -240 0
-160 -241 0
-161 -242 0
-162 -243 0
-154 -253 0
-155 -254 0
-156 -255 0
-157 -256 0
-158 -257 0
-159 -258 0
-160 -259 0
-161 -260 0
-162 -261 0
-154 -271 0
-155 -272 0
-156 -273 0
-157 -274 0
-158 -275 0
-159 -276 0
-160 -277 0
-161 -278 0
-162 -279 0
-154 -280 0
-155 -281 0
-156 -282 0
-157 -283 0
-158 -284 0
-159 -285 0
-160 -286 0
-161 -287 0
-162 -288 0
-154 -289 0
-155 -290 0
-156 -291 0
-157 -292 0
-158 -293 0
-159 -294 0
-160 -295 0
-161 -296 0
-162 -297 0
-154 -307 0
-155 -308 0
-156 -309 0
-157 -310 0
-158 -311 0
-159 -312 0
-160 -313 0
-161 -314 0
-162 -315 0
-154 -325 0
-155 -326 0
-156 -327 0
-157 -328 0
-158 -329 0
-159 -330 0
-160 -331 0
-161 -332 0
-162 -333 0
-154 -334 0
-155 -335 0
-156 -336 0
-157 -337 0
-158 -338 0
-159 -339 0
-160 -340 0
-161 -341 0
-162 -342 0
-154 -343 0
-155 -344 0
-156 -345 0
-157 -346 0
-158 -347 0
-159 -348 0
-160 -349 0
-161 -350 0
-162 -351 0
-154 -361 0
-155 -362 0
-156 -363 0
-157 -364 0
-158 -365 0
-159 -366 0
-160 -367 0
-161 -368 0
-162 -369 0
-154 -370 0
-155 -371 0
-156 -372 0
-157 -373 0
-158 -374 0
-159 -375 0
-160 -376 0
-161 -377 0
-162 -378 0
-154 -379 0
-155 -380 0
-156 -381 0
-157 -382 0
-158 -383 0
-159 -384 0
-160 -385 0
-161 -386 0
-162 -387 0
-154 -388 0
-155 -389 0
-156 -390 0
-157 -391 0
-158 -392 0
-159 -393 0
-160 -394 0
-161 -395 0
-162 -396 0
-154 -415 0
-155 -416 0
-156 -417 0
-157 -418 0
-158 -419 0
-159 -420 0
-160 -421 0
-161 -422 0
-162 -423 0
-154 -424 0
-155 -425 0
-156 -426 0
-157 -427 0
-158 -428 0
-159 -429 0
-160 -430 0
-161 -431 0
-162 -432 0
-154 -433 0
-155 -434 0
-156 -435 0
-157 -436 0
-158 -437 0
-159 -438 0
-160 -439 0
-161 -440 0
-162 -441 0
-154 -442 0
-155 -443 0
-156 -444 0
-157 -445 0
-158 -446 0
-159 -447 0
-160 -448 0
-161 -449 0
-162 -450 0
-163 -172 0
-164 -173 0
-165 -174 0
-166 -175 0
-167 -176 0
-168 -177 0
-169 -178 0
-170 -179 0
-171 -180 0
-163 -199 0
-164 -200 0
-165 -201 0
-166 -202 0
-167 -203 0
-168 -204 0
-169 -205 0
-170 -206 0
-171 -207 0
-163 -208 0
-164 -209 0
-165 -210 0
-166 -211 0
-167 -212 0
-168 -213 0
-169 -214 0
-170 -215 0
-171 -216 0
-163 -217 0
-164 -218 0
-165 -219 0
-166 -220 0
-167 -221 0
-168 -222 0
-169 -223 0
-170 -224 0
-171 -225 0
-163 -226 0
-164 -227 0
-165 -228 0
-166 -229 0
-167 -230 0
-168 -231 0
-169 -232 0
-170 -233 0
-171 -234 0
-163 -244 0
-164 -245 0
-165 -246 0
-166 -247 0
-167 -248 0
-168 -249 0
-169 -250 0
-170 -251 0
-171 -252 0
-163 -253 0
-164 -254 0
-165 -255 0
-166 -256 0
-167 -257 0
-168 -258 0
-169 -259 0
-170 -260 0
-171 -261 0
-163 -262 0
-164 -263 0
-165 -264 0
-166 -265 0
-167 -266 0
-168 -267 0
-169 -268 0
-170 -269 0
-171 -270 0
-163 -271 0
-164 -272 0
-165 -273 0
-166 -274 0
-167 -275 0
-168 -276 0
-169 -277 0
-170 -278 0
-171 -279 0
-163 -280 0
-164 -281 0
-165 -282 0
-166 -283 0
-167 -284 0
-168 -285 0
-169 -286 0
-170 -287 0
-171 -288 0
-163 -289 0
-164 -290 0
-165 -291 0
-166 -292 0
-167 -293 0
-168 -294 0
-169 -295 0
-170 -296 0
-171 -297 0
-163 -298 0
-164 -299 0
-165 -300 0
-166 -301 0
-167 -302 0
-168 -303 0
-169 -304 0
-170 -305 0
-171 -306 0
-163 -307 0
-164 -308 0
-165 -309 0
-166 -310 0
-167 -311 0
-168 -312 0
-169 -313 0
-170 -314 0
-171 -315 0
-163 -316 0
-164 -317 0
-165 -318 0
-166 -319 0
-167 -320 0
-168 -321 0
-169 -322 0
-170 -323 0
-171 -324 0
-163 -325 0
-164 -326 0
-165 -327 0
-166 -328 0
-167 -329 0
-168 -330 0
-169 -331 0
-170 -332 0
-171 -333 0
-163 -334 0
-164 -335 0
-165 -336 0
-166 -337 0
-167 -338 0
-168 -339 0
-169 -340 0
-170 -341 0
-171 -342 0
-163 -352 0
-164 -353 0
-165 -354 0
-166 -355 0
-167 -356 0
-168 -357 0
-169 -358 0
-170 -359 0
-171 -360 0
-163 -370 0
-164 -371 0
-165 -372 0
-166 -373 0
-167 -374 0
-168 -375 0
-169 -376 0
-170 -377 0
-171 -378 0
-163 -379 0
-164 -380 0
-165 -381 0
-166 -382 0
-167 -383 0
-168 -384 0
-169 -385 0
-170 -386 0
-171 -387 0
-163 -388 0
-164 -389 0
-165 -390 0
-166 -391 0
-167 -392 0
-168 -393 0
-169 -394 0
-170 -395 0
-171 -396 0
-163 -397 0
-164 -398 0
-165 -399 0
-166 -400 0
-167 -401 0
-168 -402 0
-169 -403 0
-170 -404 0
-171 -405 0
-163 -406 0
-164 -407 0
-165 -408 0
-166 -409 0
-167 -410 0
-168 -411 0
-169 -412 0
-170 -413 0
-171 -414 0
-163 -415 0
-164 -416 0
-165 -417 0
-166 -418 0
-167 -419 0
-168 -420 0
-169 -421 0
-170 -422 0
-171 -423 0
-163 -424 0
-164 -425 0
-165 -426 0
-166 -427 0
-167 -428 0
-168 -429 0
-169 -430 0
-170 -431 0
-171 -432 0
-163 -433 0
-164 -434 0
-165 -435 0
-166 -436 0
-167 -437 0
-168 -438 0
-169 -439 0
-170 -440 0
-171 -441 0
-172 -181 0
-173 -182 0
-174 -183 0
-175 -184 0
-176 -185 0
-177 -186 0
-178 -187 0
-179 -188 0
-180 -189 0
-172 -190 0
-173 -191 0
-174 -192 0
-175 -193 0
-176 -194 0
-177 -195 0
-178 -196 0
-179 -197 0
-180 -198 0
-172 -199 0
-173 -200 0
-174 -201 0
-175 -202 0
-176 -203 0
-177 -204 0
-178 -205 0
-179 -206 0
-180 -207 0
-172 -208 0
-173 -209 0
-174 -210 0
-175 -211 0
-176 -212 0
-177 -213 0
-178 -214 0
-179 -215 0
-180 -216 0
-172 -217 0
-173 -218 0
-174 -219 0
-175 -220 0
-176 -221 0
-177 -222 0
-178 -223 0
-179 -224 0
-180 -225 0
-172 -226 0
-173 -227 0
-174 -228 0
-175 -229 0
-176 -230 0
-177 -231 0
-178 -232 0
-179 -233 0
-180 -234 0
-172 -244 0
-173 -245 0
-174 -246 0
-175 -247 0
-176 -248 0
-177 -249 0
-178 -250 0
-179 -251 0
-180 -252 0
-172 -253 0
-173 -254 0
-174 -255 0
-175 -256 0
-176 -257 0
-177 -258 0
-178 -259 0
-179 -260 0
-180 -261 0
-172 -262 0
-173 -263 0
-174 -264 0
-175 -265 0
-176 -266 0
-177 -267 0
-178 -268 0
-179 -269 0
-180 -270 0
-172 -271 0
-173 -272 0
-174 -273 0
-175 -274 0
-176 -275 0
-177 -276 0
-178 -277 0
-179 -278 0
-180 -279 0
-172 -280 0
-173 -281 0
-174 -282 0
-175 -283 0
-176 -284 0
-177 -285 0
-178 -286 0
-179 -287 0
-180 -288 0
-172 -298 0
-173 -299 0
-174 -300 0
-175 -301 0
-176 -302 0
-177 -303 0
-178 -304 0
-179 -305 0
-180 -306 0
-172 -316 0
-173 -317 0
-174 -318 0
-175 -319 0
-176 -320 0
-177 -321 0
-178 -322 0
-179 -323 0
-180 -324 0
-172 -325 0
-173 -326 0
-174 -327 0
-175 -328 0
-176 -329 0
-177 -330 0
-178 -331 0
-179 -332 0
-180 -333 0
-172 -334 0
-173 -335 0
-174 -336 0
-175 -337 0
-176 -338 0
-177 -339 0
-178 -340 0
-179 -341 0
-180 -342 0
-172 -343 0
-173 -344 0
-174 -345 0
-175 -346 0
-176 -347 0
-177 -348 0
-178 -349 0
-179 -350 0
-180 -351 0
-172 -352 0
-173 -353 0
-174 -354 0
-175 -355 0
-176 -356 0
-177 -357 0
-178 -358 0
-179 -359 0
-180 -360 0
-172 -361 0
-173 -362 0
-174 -363 0
-175 -364 0
-176 -365 0
-177 -366 0
-178 -367 0
-179 -368 0
-180 -369 0
-172 -370 0
-173 -371 0
-174 -372 0
-175 -373 0
-176 -374 0
-177 -375 0
-178 -376 0
-179 -377 0
-180 -378 0
-172 -379 0
-173 -380 0
-174 -381 0
-175 -382 0
-176 -383 0
-177 -384 0
-178 -385 0
-179 -386 0
-180 -387 0
-172 -397 0
-173 -398 0
-174 -399 0
-175 -400 0
-176 -401 0
-177 -402 0
-178 -403 0
-179 -404 0
-180 -405 0
-172 -406 0
-173 -407 0
-174 -408 0
-175 -409 0
-176 -410 0
-177 -411 0
-178 -412 0
-179 -413 0
-180 -414 0
-172 -424 0
-173 -425 0
-174 -426 0
-175 -427 0
-176 -428 0
-177 -429 0
-178 -430 0
-179 -431 0
-180 -432 0
-172 -433 0
-173 -434 0
-174 -435 0
-175 -436 0
-176 -437 0
-177 -438 0
-178 -439 0
-179 -440 0
-180 -441 0
-172 -442 0
-173 -443 0
-174 -444 0
-175 -445 0
-176 -446 0
-177 -447 0
-178 -448 0
-179 -449 0
-180 -450 0
-181 -190 0
-182 -191 0
-183 -192 0
-184 -193 0
-185 -194 0
-186 -195 0
-187 -196 0
-188 -197 0
-189 -198 0
-181 -199 0
-182 -200 0
-183 -201 0
-184 -202 0
-185 -203 0
-186 -204 0
-187 -205 0
-188 -206 0
-189 -207 0
-181 -235 0
-182 -236 0
-183 -237 0
-184 -238 0
-185 -239 0
-186 -240 0
-187 -241 0
-188 -242 0
-189 -243 0
-181 -244 0
-182 -245 0
-183 -246 0
-184 -247 0
-185 -248 0
-186 -249 0
-187 -250 0
-188 -251 0
-189 -252 0
-181 -262 0
-182 -263 0
-183 -264 0
-184 -265 0
-185 -266 0
-186 -267 0
-187 -268 0
-188 -269 0
-189 -270 0
-181 -271 0
-182 -272 0
-183 -273 0
-184 -274 0
-185 -275 0
-186 -276 0
-187 -277 0
-188 -278 0
-189 -279 0
-181 -280 0
-182 -281 0
-183 -282 0
-184 -283 0
-185 -284 0
-186 -285 0
-187 -286 0
-188 -287 0
-189 -288 0
-181 -289 0
-182 -290 0
-183 -291 0
-184 -292 0
-185 -293 0
-186 -294 0
-187 -295 0
-188 -296 0
-189 -297 0
-181 -325 0
-182 -326 0
-183 -327 0
-184 -328 0
-185 -329 0
-186 -330 0
-187 -331 0
-188 -332 0
-189 -333 0
-181 -334 0
-182 -335 0
-183 -336 0
-184 -337 0
-185 -338 0
-186 -339 0
-187 -340 0
-188 -341 0
-189 -342 0
-181 -343 0
-182 -344 0
-183 -345 0
-184 -346 0
-185 -347 0
-186 -348 0
-187 -349 0
-188 -350 0
-189 -351 0
-181 -361 0
-182 -362 0
-183 -363 0
-184 -364 0
-185 -365 0
-186 -366 0
-187 -367 0
-188 -368 0
-189 -369 0
-181 -379 0
-182 -380 0
-183 -381 0
-184 -382 0
-185 -383 0
-186 -384 0
-187 -385 0
-188 -386 0
-189 -387 0
-181 -388 0
-182 -389 0
-183 -390 0
-184 -391 0
-185 -392 0
-186 -393 0
-187 -394 0
-188 -395 0
-189 -396 0
-181 -397 0
-182 -398 0
-183 -399 0
-184 -400 0
-185 -401 0
-186 -402 0
-187 -403 0
-188 -404 0
-189 -405 0
-181 -406 0
-182 -407 0
-183 -408 0
-184 -409 0
-185 -410 0
-186 -411 0
-187 -412 0
-188 -413 0
-189 -414 0
-181 -415 0
-182 -416 0
-183 -417 0
-184 -418 0
-185 -419 0
-186 -420 0
-187 -421 0
-188 -422 0
-189 -423 0
-181 -433 0
-182 -434 0
-183 -435 0
-184 -436 0
-185 -437 0
-186 -438 0
-187 -439 0
-188 -440 0
-189 -441 0
-190 -208 0
-191 -209 0
-192 -210 0
-193 -211 0
-194 -212 0
-195 -213 0
-196 -214 0
-197 -215 0
-198 -216 0
-190 -217 0
-191 -218 0
-192 -219 0
-193 -220 0
-194 -221 0
-195 -222 0
-196 -223 0
-197 -224 0
-198 -225 0
-190 -226 0
-191 -227 0
-192 -228 0
-193 -229 0
-194 -230 0
-195 -231 0
-196 -232 0
-197 -233 0
-198 -234 0
-190 -244 0
-191 -245 0
-192 -246 0
-193 -247 0
-194 -248 0
-195 -249 0
-196 -250 0
-197 -251 0
-198 -252 0
-190 -253 0
-191 -254 0
-192 -255 0
-193 -256 0
-194 -257 0
-195 -258 0
-196 -259 0
-197 -260 0
-198 -261 0
-190 -262 0
-191 -263 0
-192 -264 0
-193 -265 0
-194 -266 0
-195 -267 0
-196 -268 0
-197 -269 0
-198 -270 0
-190 -271 0
-191 -272 0
-192 -273 0
-193 -274 0
-194 -275 0
-195 -276 0
-196 -277 0
-197 -278 0
-198 -279 0
-190 -289 0
-191 -290 0
-192 -291 0
-193 -292 0
-194 -293 0
-195 -294 0
-196 -295 0
-197 -296 0
-198 -297 0
-190 -298 0
-191 -299 0
-192 -300 0
-193 -301 0
-194 -302 0
-195 -303 0
-196 -304 0
-197 -305 0
-198 -306 0
-190 -316 0
-191 -317 0
-192 -318 0
-193 -319 0
-194 -320 0
-195 -321 0
-196 -322 0
-197 -323 0
-198 -324 0
-190 -325 0
-191 -326 0
-192 -327 0
-193 -328 0
-194 -329 0
-195 -330 0
-196 -331 0
-197 -332 0
-198 -333 0
-190 -334 0
-191 -335 0
-192 -336 0
-193 -337 0
-194 -338 0
-195 -339 0
-196 -340 0
-197 -341 0
-198 -342 0
-190 -343 0
-191 -344 0
-192 -345 0
-193 -346 0
-194 -347 0
-195 -348 0
-196 -349 0
-197 -350 0
-198 -351 0
-190 -352 0
-191 -353 0
-192 -354 0
-193 -355 0
-194 -356 0
-195 -357 0
-196 -358 0
-197 -359 0
-198 -360 0
-190 -361 0
-191 -362 0
-192 -363 0
-193 -364 0
-194 -365 0
-195 -366 0
-196 -367 0
-197 -368 0
-198 -369 0
-190 -370 0
-191 -371 0
-192 -372 0
-193 -373 0
-194 -374 0
-195 -375 0
-196 -376 0
-197 -377 0
-198 -378 0
-190 -388 0
-191 -389 0
-192 -390 0
-193 -391 0
-194 -392 0
-195 -393 0
-196 -394 0
-197 -395 0
-198 -396 0
-190 -397 0
-191 -398 0
-192 -399 0
-193 -400 0
-194 -401 0
-195 -402 0
-196 -403 0
-197 -404 0
-198 -405 0
-190 -406 0
-191 -407 0
-192 -408 0
-193 -409 0
-194 -410 0
-195 -411 0
-196 -412 0
-197 -413 0
-198 -414 0
-190 -415 0
-191 -416 0
-192 -417 0
-193 -418 0
-194 -419 0
-195 -420 0
-196 -421 0
-197 -422 0
-198 -423 0
-190 -424 0
-191 -425 0
-192 -426 0
-193 -427 0
-194 -428 0
-195 -429 0
-196 -430 0
-197 -431 0
-198 -432 0
-190 -433 0
-191 -434 0
-192 -435 0
-193 -436 0
-194 -437 0
-195 -438 0
-196 -439 0
-197 -440 0
-198 -441 0
-190 -442 0
-191 -443 0
-192 -444 0
-193 -445 0
-194 -446 0
-195 -447 0
-196 -448 0
-197 -449 0
-198 -450 0
-199 -208 0
-200 -209 0
-201 -210 0
-202 -211 0
-203 -212 0
-204 -213 0
-205 -214 0
-206 -215 0
-207 -216 0
-199 -217 0
-200 -218 0
-201 -219 0
-202 -220 0
-203 -221 0
-204 -222 0
-205 -223 0
-206 -224 0
-207 -225 0
-199 -226 0
-200 -227 0
-201 -228 0
-202 -229 0
-203 -230 0
-204 -231 0
-205 -232 0
-206 -233 0
-207 -234 0
-199 -235 0
-200 -236 0
-201 -237 0
-202 -238 0
-203 -239 0
-204 -240 0
-205 -241 0
-206 -242 0
-207 -243 0
-199 -244 0
-200 -245 0
-201 -246 0
-202 -247 0
-203 -248 0
-204 -249 0
-205 -250 0
-206 -251 0
-207 -252 0
-199 -271 0
-200 -272 0
-201 -273 0
-202 -274 0
-203 -275 0
-204 -276 0
-205 -277 0
-206 -278 0
-207 -279 0
-199 -280 0
-200 -281 0
-201 -282 0
-202 -283 0
-203 -284 0
-204 -285 0
-205 -286 0
-206 -287 0
-207 -288 0
-199 -289 0
-200 -290 0
-201 -291 0
-202 -292 0
-203 -293 0
-204 -294 0
-205 -295 0
-206 -296 0
-207 -297 0
-199 -298 0
-200 -299 0
-201 -300 0
-202 -301 0
-203 -302 0
-204 -303 0
-205 -304 0
-206 -305 0
-207 -306 0
-199 -316 0
-200 -317 0
-201 -318 0
-202 -319 0
-203 -320 0
-204 -321 0
-205 -322 0
-206 -323 0
-207 -324 0
-199 -325 0
-200 -326 0
-201 -327 0
-202 -328 0
-203 -329 0
-204 -330 0
-205 -331 0
-206 -332 0
-207 -333 0
-199 -334 0
-200 -335 0
-201 -336 0
-202 -337 0
-203 -338 0
-204 -339 0
-205 -340 0
-206 -341 0
-207 -342 0
-199 -343 0
-200 -344 0
-201 -345 0
-202 -346 0
-203 -347 0
-204 -348 0
-205 -349 0
-206 -350 0
-207 -351 0
-199 -352 0
-200 -353 0
-201 -354 0
-202 -355 0
-203 -356 0
-204 -357 0
-205 -358 0
-206 -359 0
-207 -360 0
-199 -361 0
-200 -362 0
-201 -363 0
-202 -364 0
-203 -365 0
-204 -366 0
-205 -367 0
-206 -368 0
-207 -369 0
-199 -370 0
-200 -371 0
-201 -372 0
-202 -373 0
-203 -374 0
-204 -375 0
-205 -376 0
-206 -377 0
-207 -378 0
-199 -379 0
-200 -380 0
-201 -381 0
-202 -382 0
-203 -383 0
-204 -384 0
-205 -385 0
-206 -386 0
-207 -387 0
-199 -388 0
-200 -389 0
-201 -390 0
-202 -391 0
-203 -392 0
-204 -393 0
-205 -394 0
-206 -395 0
-207 -396 0
-199 -406 0
-200 -407 0
-201 -408 0
-202 -409 0
-203 -410 0
-204 -411 0
-205 -412 0
-206 -413 0
-207 -414 0
-199 -415 0
-200 -416 0
-201 -417 0
-202 -418 0
-203 -419 0
-204 -420 0
-205 -421 0
-206 -422 0
-207 -423 0
-199 -424 0
-200 -425 0
-201 -426 0
-202 -427 0
-203 -428 0
-204 -429 0
-205 -430 0
-206 -431 0
-207 -432 0
-199 -433 0
-200 -434 0
-201 -435 0
-202 -436 0
-203 -437 0
-204 -438 0
-205 -439 0
-206 -440 0
-207 -441 0
-208 -217 0
-209 -218 0
-210 -219 0
-211 -220 0
-212 -221 0
-213 -222 0
-214 -223 0
-215 -224 0
-216 -225 0
-208 -226 0
-209 -227 0
-210 -228 0
-211 -229 0
-212 -230 0
-213 -231 0
-214 -232 0
-215 -233 0
-216 -234 0
-208 -262 0
-209 -263 0
-210 -264 0
-211 -265 0
-212 -266 0
-213 -267 0
-214 -268 0
-215 -269 0
-216 -270 0
-208 -280 0
-209 -281 0
-210 -282 0
-211 -283 0
-212 -284 0
-213 -285 0
-214 -286 0
-215 -287 0
-216 -288 0
-208 -289 0
-209 -290 0
-210 -291 0
-211 -292 0
-212 -293 0
-213 -294 0
-214 -295 0
-215 -296 0
-216 -297 0
-208 -298 0
-209 -299 0
-210 -300 0
-211 -301 0
-212 -302 0
-213 -303 0
-214 -304 0
-215 -305 0
-216 -306 0
-208 -316 0
-209 -317 0
-210 -318 0
-211 -319 0
-212 -320 0
-213 -321 0
-214 -322 0
-215 -323 0
-216 -324 0
-208 -325 0
-209 -326 0
-210 -327 0
-211 -328 0
-212 -329 0
-213 -330 0
-214 -331 0
-215 -332 0
-216 -333 0
-208 -334 0
-209 -335 0
-210 -336 0
-211 -337 0
-212 -338 0
-213 -339 0
-214 -340 0
-215 -341 0
-216 -342 0
-208 -343 0
-209 -344 0
-210 -345 0
-211 -346 0
-212 -347 0
-213 -348 0
-214 -349 0
-215 -350 0
-216 -351 0
-208 -370 0
-209 -371 0
-210 -372 0
-211 -373 0
-212 -374 0
-213 -375 0
-214 -376 0
-215 -377 0
-216 -378 0
-208 -379 0
-209 -380 0
-210 -381 0
-211 -382 0
-212 -383 0
-213 -384 0
-214 -385 0
-215 -386 0
-216 -387 0
-208 -388 0
-209 -389 0
-210 -390 0
-211 -391 0
-212 -392 0
-213 -393 0
-214 -394 0
-215 -395 0
-216 -396 0
-208 -397 0
-209 -398 0
-210 -399 0
-211 -400 0
-212 -401 0
-213 -402 0
-214 -403 0
-215 -404 0
-216 -405 0
-208 -415 0
-209 -416 0
-210 -417 0
-211 -418 0
-212 -419 0
-213 -420 0
-214 -421 0
-215 -422 0
-216 -423 0
-208 -424 0
-209 -425 0
-210 -426 0
-211 -427 0
-212 -428 0
-213 -429 0
-214 -430 0
-215 -431 0
-216 -432 0
-208 -433 0
-209 -434 0
-210 -435 0
-211 -436 0
-212 -437 0
-213 -438 0
-214 -439 0
-215 -440 0
-216 -441 0
-208 -442 0
-209 -443 0
-210 -444 0
-211 -445 0
-212 -446 0
-213 -447 0
-214 -448 0
-215 -449 0
-216 -450 0
-217 -235 0
-218 -236 0
-219 -237 0
-220 -238 0
-221 -239 0
-222 -240 0
-223 -241 0
-224 -242 0
-225 -243 0
-217 -244 0
-218 -245 0
-219 -246 0
-220 -247 0
-221 -248 0
-222 -249 0
-223 -250 0
-224 -251 0
-225 -252 0
-217 -253 0
-218 -254 0
-219 -255 0
-220 -256 0
-221 -257 0
-222 -258 0
-223 -259 0
-224 -260 0
-225 -261 0
-217 -262 0
-218 -263 0
-219 -264 0
-220 -265 0
-221 -266 0
-222 -267 0
-223 -268 0
-224 -269 0
-225 -270 0
-217 -280 0
-218 -281 0
-219 -282 0
-220 -283 0
-221 -284 0
-222 -285 0
-223 -286 0
-224 -287 0
-225 -288 0
-217 -289 0
-218 -290 0
-219 -291 0
-220 -292 0
-221 -293 0
-222 -294 0
-223 -295 0
-224 -296 0
-225 -297 0
-217 -316 0
-218 -317 0
-219 -318 0
-220 -319 0
-221 -320 0
-222 -321 0
-223 -322 0
-224 -323 0
-225 -324 0
-217 -325 0
-218 -326 0
-219 -327 0
-220 -328 0
-221 -329 0
-222 -330 0
-223 -331 0
-224 -332 0
-225 -333 0
-217 -334 0
-218 -335 0
-219 -336 0
-220 -337 0
-221 -338 0
-222 -339 0
-223 -340 0
-224 -341 0
-225 -342 0
-217 -343 0
-218 -344 0
-219 -345 0
-220 -346 0
-221 -347 0
-222 -348 0
-223 -349 0
-224 -350 0
-225 -351 0
-217 -361 0
-218 -362 0
-219 -363 0
-220 -364 0
-221 -365 0
-222 -366 0
-223 -367 0
-224 -368 0
-225 -369 0
-217 -370 0
-218 -371 0
-219 -372 0
-220 -373 0
-221 -374 0
-222 -375 0
-223 -376 0
-224 -377 0
-225 -378 0
-217 -379 0
-218 -380 0
-219 -381 0
-220 -382 0
-221 -383 0
-222 -384 0
-223 -385 0
-224 -386 0
-225 -387 0
-217 -388 0
-218 -389 0
-219 -390 0
-220 -391 0
-221 -392 0
-222 -393 0
-223 -394 0
-224 -395 0
-225 -396 0
-217 -397 0
-218 -398 0
-219 -399 0
-220 -400 0
-221 -401 0
-222 -402 0
-223 -403 0
-224 -404 0
-225 -405 0
-217 -415 0
-218 -416 0
-219 -417 0
-220 -418 0
-221 -419 0
-222 -420 0
-223 -421 0
-224 -422 0
-225 -423 0
-217 -424 0
-218 -425 0
-219 -426 0
-220 -427 0
-221 -428 0
-222 -429 0
-223 -430 0
-224 -431 0
-225 -432 0
-217 -433 0
-218 -434 0
-219 -435 0
-220 -436 0
-221 -437 0
-222 -438 0
-223 -439 0
-224 -440 0
-225 -441 0
-217 -442 0
-218 -443 0
-219 -444 0
-220 -445 0
-221 -446 0
-222 -447 0
-223 -448 0
-224 -449 0
-225 -450 0
-226 -235 0
-227 -236 0
-228 -237 0
-229 -238 0
-230 -239 0
-231 -240 0
-232 -241 0
-233 -242 0
-234 -243 0
-226 -244 0
-227 -245 0
-228 -246 0
-229 -247 0
-230 -248 0
-231 -249 0
-232 -250 0
-233 -251 0
-234 -252 0
-226 -253 0
-227 -254 0
-228 -255 0
-229 -256 0
-230 -257 0
-231 -258 0
-232 -259 0
-233 -260 0
-234 -261 0
-226 -280 0
-227 -281 0
-228 -282 0
-229 -283 0
-230 -284 0
-231 -285 0
-232 -286 0
-233 -287 0
-234 -288 0
-226 -289 0
-227 -290 0
-228 -291 0
-229 -292 0
-230 -293 0
-231 -294 0
-232 -295 0
-233 -296 0
-234 -297 0
-226 -298 0
-227 -299 0
-228 -300 0
-229 -301 0
-230 -302 0
-231 -303 0
-232 -304 0
-233 -305 0
-234 -306 0
-226 -307 0
-227 -308 0
-228 -309 0
-229 -310 0
-230 -311 0
-231 -312 0
-232 -313 0
-233 -314 0
-234 -315 0
-226 -334 0
-227 -335 0
-228 -336 0
-229 -337 0
-230 -338 0
-231 -339 0
-232 -340 0
-233 -341 0
-234 -342 0
-226 -370 0
-227 -371 0
-228 -372 0
-229 -373 0
-230 -374 0
-231 -375 0
-232 -376 0
-233 -377 0
-234 -378 0
-226 -388 0
-227 -389 0
-228 -390 0
-229 -391 0
-230 -392 0
-231 -393 0
-232 -394 0
-233 -395 0
-234 -396 0
-226 -397 0
-227 -398 0
-228 -399 0
-229 -400 0
-230 -401 0
-231 -402 0
-232 -403 0
-233 -404 0
-234 -405 0
-226 -415 0
-227 -416 0
-228 -417 0
-229 -418 0
-230 -419 0
-231 -420 0
-232 -421 0
-233 -422 0
-234 -423 0
-226 -424 0
-227 -425 0
-228 -426 0
-229 -427 0
-230 -428 0
-231 -429 0
-232 -430 0
-233 -431 0
-234 -432 0
-226 -433 0
-227 -434 0
-228 -435 0
-229 -436 0
-230 -437 0
-231 -438 0
-232 -439 0
-233 -440 0
-234 -441 0
-226 -442 0
-227 -443 0
-228 -444 0
-229 -445 0
-230 -446 0
-231 -447 0
-232 -448 0
-233 -449 0
-234 -450 0
-235 -244 0
-236 -245 0
-237 -246 0
-238 -247 0
-239 -248 0
-240 -249 0
-241 -250 0
-242 -251 0
-243 -252 0
-235 -271 0
-236 -272 0
-237 -273 0
-238 -274 0
-239 -275 0
-240 -276 0
-241 -277 0
-242 -278 0
-243 -279 0
-235 -289 0
-236 -290 0
-237 -291 0
-238 -292 0
-239 -293 0
-240 -294 0
-241 -295 0
-242 -296 0
-243 -297 0
-235 -307 0
-236 -308 0
-237 -309 0
-238 -310 0
-239 -311 0
-240 -312 0
-241 -313 0
-242 -314 0
-243 -315 0
-235 -316 0
-236 -317 0
-237 -318 0
-238 -319 0
-239 -320 0
-240 -321 0
-241 -322 0
-242 -323 0
-243 -324 0
-235 -325 0
-236 -326 0
-237 -327 0
-238 -328 0
-239 -329 0
-240 -330 0
-241 -331 0
-242 -332 0
-243 -333 0
-235 -334 0
-236 -335 0
-237 -336 0
-238 -337 0
-239 -338 0
-240 -339 0
-241 -340 0
-242 -341 0
-243 -342 0
-235 -343 0
-236 -344 0
-237 -345 0
-238 -346 0
-239 -347 0
-240 -348 0
-241 -349 0
-242 -350 0
-243 -351 0
-235 -361 0
-236 -362 0
-237 -363 0
-238 -364 0
-239 -365 0
-240 -366 0
-241 -367 0
-242 -368 0
-243 -369 0
-235 -370 0
-236 -371 0
-237 -372 0
-238 -373 0
-239 -374 0
-240 -375 0
-241 -376 0
-242 -377 0
-243 -378 0
-235 -379 0
-236 -380 0
-237 -381 0
-238 -382 0
-239 -383 0
-240 -384 0
-241 -385 0
-242 -386 0
-243 -387 0
-235 -388 0
-236 -389 0
-237 -390 0
-238 -391 0
-239 -392 0
-240 -393 0
-241 -394 0
-242 -395 0
-243 -396 0
-235 -397 0
-236 -398 0
-237 -399 0
-238 -400 0
-239 -401 0
-240 -402 0
-241 -403 0
-242 -404 0
-243 -405 0
-235 -406 0
-236 -407 0
-237 -408 0
-238 -409 0
-239 -410 0
-240 -411 0
-241 -412 0
-242 -413 0
-243 -414 0
-235 -415 0
-236 -416 0
-237 -417 0
-238 -418 0
-239 -419 0
-240 -420 0
-241 -421 0
-242 -422 0
-243 -423 0
-235 -424 0
-236 -425 0
-237 -426 0
-238 -427 0
-239 -428 0
-240 -429 0
-241 -430 0
-242 -431 0
-243 -432 0
-235 -442 0
-236 -443 0
-237 -444 0
-238 -445 0
-239 -446 0
-240 -447 0
-241 -448 0
-242 -449 0
-243 -450 0
-244 -253 0
-245 -254 0
-246 -255 0
-247 -256 0
-248 -257 0
-249 -258 0
-250 -259 0
-251 -260 0
-252 -261 0
-244 -280 0
-245 -281 0
-246 -282 0
-247 -283 0
-248 -284 0
-249 -285 0
-250 -286 0
-251 -287 0
-252 -288 0
-244 -289 0
-245 -290 0
-246 -291 0
-247 -292 0
-248 -293 0
-249 -294 0
-250 -295 0
-251 -296 0
-252 -297 0
-244 -298 0
-245 -299 0
-246 -300 0
-247 -301 0
-248 -302 0
-249 -303 0
-250 -304 0
-251 -305 0
-252 -306 0
-244 -316 0
-245 -317 0
-246 -318 0
-247 -319 0
-248 -320 0
-249 -321 0
-250 -322 0
-251 -323 0
-252 -324 0
-244 -325 0
-245 -326 0
-246 -327 0
-247 -328 0
-248 -329 0
-249 -330 0
-250 -331 0
-251 -332 0
-252 -333 0
-244 -334 0
-245 -335 0
-246 -336 0
-247 -337 0
-248 -338 0
-249 -339 0
-250 -340 0
-251 -341 0
-252 -342 0
-244 -343 0
-245 -344 0
-246 -345 0
-247 -346 0
-248 -347 0
-249 -348 0
-250 -349 0
-251 -350 0
-252 -351 0
-244 -352 0
-245 -353 0
-246 -354 0
-247 -355 0
-248 -356 0
-249 -357 0
-250 -358 0
-251 -359 0
-252 -360 0
-244 -361 0
-245 -362 0
-246 -363 0
-247 -364 0
-248 -365 0
-249 -366 0
-250 -367 0
-251 -368 0
-252 -369 0
-244 -370 0
-245 -371 0
-246 -372 0
-247 -373 0
-248 -374 0
-249 -375 0
-250 -376 0
-251 -377 0
-252 -378 0
-244 -379 0
-245 -380 0
-246 -381 0
-247 -382 0
-248 -383 0
-249 -384 0
-250 -385 0
-251 -386 0
-252 -387 0
-244 -397 0
-245 -398 0
-246 -399 0
-247 -400 0
-248 -401 0
-249 -402 0
-250 -403 0
-251 -404 0
-252 -405 0
-244 -406 0
-245 -407 0
-246 -408 0
-247 -409 0
-248 -410 0
-249 -411 0
-250 -412 0
-251 -413 0
-252 -414 0
-244 -415 0
-245 -416 0
-246 -417 0
-247 -418 0
-248 -419 0
-249 -420 0
-250 -421 0
-251 -422 0
-252 -423 0
-244 -424 0
-245 -425 0
-246 -426 0
-247 -427 0
-248 -428 0
-249 -429 0
-250 -430 0
-251 -431 0
-252 -432 0
-244 -433 0
-245 -434 0
-246 -435 0
-247 -436 0
-248 -437 0
-249 -438 0
-250 -439 0
-251 -440 0
-252 -441 0
-253 -271 0
-254 -272 0
-255 -273 0
-256 -274 0
-257 -275 0
-258 -276 0
-259 -277 0
-260 -278 0
-261 -279 0
-253 -289 0
-254 -290 0
-255 -291 0
-256 -292 0
-257 -293 0
-258 -294 0
-259 -295 0
-260 -296 0
-261 -297 0
-253 -298 0
-254 -299 0
-255 -300 0
-256 -301 0
-257 -302 0
-258 -303 0
-259 -304 0
-260 -305 0
-261 -306 0
-253 -307 0
-254 -308 0
-255 -309 0
-256 -310 0
-257 -311 0
-258 -312 0
-259 -313 0
-260 -314 0
-261 -315 0
-253 -316 0
-254 -317 0
-255 -318 0
-256 -319 0
-257 -320 0
-258 -321 0
-259 -322 0
-260 -323 0
-261 -324 0
-253 -334 0
-254 -335 0
-255 -336 0
-256 -337 0
-257 -338 0
-258 -339 0
-259 -340 0
-260 -341 0
-261 -342 0
-253 -343 0
-254 -344 0
-255 -345 0
-256 -346 0
-257 -347 0
-258 -348 0
-259 -349 0
-260 -350 0
-261 -351 0
-253 -352 0
-254 -353 0
-255 -354 0
-256 -355 0
-257 -356 0
-258 -357 0
-259 -358 0
-260 -359 0
-261 -360 0
-253 -370 0
-254 -371 0
-255 -372 0
-256 -373 0
-257 -374 0
-258 -375 0
-259 -376 0
-260 -377 0
-261 -378 0
-253 -379 0
-254 -380 0
-255 -381 0
-256 -382 0
-257 -383 0
-258 -384 0
-259 -385 0
-260 -386 0
-261 -387 0
-253 -397 0
-254 -398 0
-255 -399 0
-256 -400 0
-257 -401 0
-258 -402 0
-259 -403 0
-260 -404 0
-261 -405 0
-253 -406 0
-254 -407 0
-255 -408 0
-256 -409 0
-257 -410 0
-258 -411 0
-259 -412 0
-260 -413 0
-261 -414 0
-253 -415 0
-254 -416 0
-255 -417 0
-256 -418 0
-257 -419 0
-258 -420 0
-259 -421 0
-260 -422 0
-261 -423 0
-253 -433 0
-254 -434 0
-255 -435 0
-256 -436 0
-257 -437 0
-258 -438 0
-259 -439 0
-260 -440 0
-261 -441 0
-262 -271 0
-263 -272 0
-264 -273 0
-265 -274 0
-266 -275 0
-267 -276 0
-268 -277 0
-269 -278 0
-270 -279 0
-262 -280 0
-263 -281 0
-264 -282 0
-265 -283 0
-266 -284 0
-267 -285 0
-268 -286 0
-269 -287 0
-270 -288 0
-262 -298 0
-263 -299 0
-264 -300 0
-265 -301 0
-266 -302 0
-267 -303 0
-268 -304 0
-269 -305 0
-270 -306 0
-262 -307 0
-263 -308 0
-264 -309 0
-265 -310 0
-266 -311 0
-267 -312 0
-268 -313 0
-269 -314 0
-270 -315 0
-262 -316 0
-263 -317 0
-264 -318 0
-265 -319 0
-266 -320 0
-267 -321 0
-268 -322 0
-269 -323 0
-270 -324 0
-262 -325 0
-263 -326 0
-264 -327 0
-265 -328 0
-266 -329 0
-267 -330 0
-268 -331 0
-269 -332 0
-270 -333 0
-262 -334 0
-263 -335 0
-264 -336 0
-265 -337 0
-266 -338 0
-267 -339 0
-268 -340 0
-269 -341 0
-270 -342 0
-262 -352 0
-263 -353 0
-264 -354 0
-265 -355 0
-266 -356 0
-267 -357 0
-268 -358 0
-269 -359 0
-270 -360 0
-262 -361 0
-263 -362 0
-264 -363 0
-265 -364 0
-266 -365 0
-267 -366 0
-268 -367 0
-269 -368 0
-270 -369 0
-262 -370 0
-263 -371 0
-264 -372 0
-265 -373 0
-266 -374 0
-267 -375 0
-268 -376 0
-269 -377 0
-270 -378 0
-262 -379 0
-263 -380 0
-264 -381 0
-265 -382 0
-266 -383 0
-267 -384 0
-268 -385 0
-269 -386 0
-270 -387 0
-262 -388 0
-263 -389 0
-264 -390 0
-265 -391 0
-266 -392 0
-267 -393 0
-268 -394 0
-269 -395 0
-270 -396 0
-262 -406 0
-263 -407 0
-264 -408 0
-265 -409 0
-266 -410 0
-267 -411 0
-268 -412 0
-269 -413 0
-270 -414 0
-262 -415 0
-263 -416 0
-264 -417 0
-265 -418 0
-266 -419 0
-267 -420 0
-268 -421 0
-269 -422 0
-270 -423 0
-262 -424 0
-263 -425 0
-264 -426 0
-265 -427 0
-266 -428 0
-267 -429 0
-268 -430 0
-269 -431 0
-270 -432 0
-262 -433 0
-263 -434 0
-264 -435 0
-265 -436 0
-266 -437 0
-267 -438 0
-268 -439 0
-269 -440 0
-270 -441 0
-262 -442 0
-263 -443 0
-264 -444 0
-265 -445 0
-266 -446 0
-267 -447 0
-268 -448 0
-269 -449 0
-270 -450 0
-271 -280 0
-272 -281 0
-273 -282 0
-274 -283 0
-275 -284 0
-276 -285 0
-277 -286 0
-278 -287 0
-279 -288 0
-271 -289 0
-272 -290 0
-273 -291 0
-274 -292 0
-275 -293 0
-276 -294 0
-277 -295 0
-278 -296 0
-279 -297 0
-271 -316 0
-272 -317 0
-273 -318 0
-274 -319 0
-275 -320 0
-276 -321 0
-277 -322 0
-278 -323 0
-279 -324 0
-271 -325 0
-272 -326 0
-273 -327 0
-274 -328 0
-275 -329 0
-276 -330 0
-277 -331 0
-278 -332 0
-279 -333 0
-271 -334 0
-272 -335 0
-273 -336 0
-274 -337 0
-275 -338 0
-276 -339 0
-277 -340 0
-278 -341 0
-279 -342 0
-271 -343 0
-272 -344 0
-273 -345 0
-274 -346 0
-275 -347 0
-276 -348 0
-277 -349 0
-278 -350 0
-279 -351 0
-271 -361 0
-272 -362 0
-273 -363 0
-274 -364 0
-275 -365 0
-276 -366 0
-277 -367 0
-278 -368 0
-279 -369 0
-271 -370 0
-272 -371 0
-273 -372 0
-274 -373 0
-275 -374 0
-276 -375 0
-277 -376 0
-278 -377 0
-279 -378 0
-271 -379 0
-272 -380 0
-273 -381 0
-274 -382 0
-275 -383 0
-276 -384 0
-277 -385 0
-278 -386 0
-279 -387 0
-271 -397 0
-272 -398 0
-273 -399 0
-274 -400 0
-275 -401 0
-276 -402 0
-277 -403 0
-278 -404 0
-279 -405 0
-271 -406 0
-272 -407 0
-273 -408 0
-274 -409 0
-275 -410 0
-276 -411 0
-277 -412 0
-278 -413 0
-279 -414 0
-271 -415 0
-272 -416 0
-273 -417 0
-274 -418 0
-275 -419 0
-276 -420 0
-277 -421 0
-278 -422 0
-279 -423 0
-271 -424 0
-272 -425 0
-273 -426 0
-274 -427 0
-275 -428 0
-276 -429 0
-277 -430 0
-278 -431 0
-279 -432 0
-271 -442 0
-272 -443 0
-273 -444 0
-274 -445 0
-275 -446 0
-276 -447 0
-277 -448 0
-278 -449 0
-279 -450 0
-280 -289 0
-281 -290 0
-282 -291 0
-283 -292 0
-284 -293 0
-285 -294 0
-286 -295 0
-287 -296 0
-288 -297 0
-280 -298 0
-281 -299 0
-282 -300 0
-283 -301 0
-284 -302 0
-285 -303 0
-286 -304 0
-287 -305 0
-288 -306 0
-280 -307 0
-281 -308 0
-282 -309 0
-283 -310 0
-284 -311 0
-285 -312 0
-286 -313 0
-287 -314 0
-288 -315 0
-280 -325 0
-281 -326 0
-282 -327 0
-283 -328 0
-284 -329 0
-285 -330 0
-286 -331 0
-287 -332 0
-288 -333 0
-280 -334 0
-281 -335 0
-282 -336 0
-283 -337 0
-284 -338 0
-285 -339 0
-286 -340 0
-287 -341 0
-288 -342 0
-280 -352 0
-281 -353 0
-282 -354 0
-283 -355 0
-284 -356 0
-285 -357 0
-286 -358 0
-287 -359 0
-288 -360 0
-280 -361 0
-281 -362 0
-282 -363 0
-283 -364 0
-284 -365 0
-285 -366 0
-286 -367 0
-287 -368 0
-288 -369 0
-280 -370 0
-281 -371 0
-282 -372 0
-283 -373 0
-284 -374 0
-285 -375 0
-286 -376 0
-287 -377 0
-288 -378 0
-280 -388 0
-281 -389 0
-282 -390 0
-283 -391 0
-284 -392 0
-285 -393 0
-286 -394 0
-287 -395 0
-288 -396 0
-280 -397 0
-281 -398 0
-282 -399 0
-283 -400 0
-284 -401 0
-285 -402 0
-286 -403 0
-287 -404 0
-288 -405 0
-280 -406 0
-281 -407 0
-282 -408 0
-283 -409 0
-284 -410 0
-285 -411 0
-286 -412 0
-287 -413 0
-288 -414 0
-280 -415 0
-281 -416 0
-282 -417 0
-283 -418 0
-284 -419 0
-285 -420 0
-286 -421 0
-287 -422 0
-288 -423 0
-280 -424 0
-281 -425 0
-282 -426 0
-283 -427 0
-284 -428 0
-285 -429 0
-286 -430 0
-287 -431 0
-288 -432 0
-280 -442 0
-281 -443 0
-282 -444 0
-283 -445 0
-284 -446 0
-285 -447 0
-286 -448 0
-287 -449 0
-288 -450 0
-289 -316 0
-290 -317 0
-291 -318 0
-292 -319 0
-293 -320 0
-294 -321 0
-295 -322 0
-296 -323 0
-297 -324 0
-289 -334 0
-290 -335 0
-291 -336 0
-292 -337 0
-293 -338 0
-294 -339 0
-295 -340 0
-296 -341 0
-297 -342 0
-289 -343 0
-290 -344 0
-291 -345 0
-292 -346 0
-293 -347 0
-294 -348 0
-295 -349 0
-296 -350 0
-297 -351 0
-289 -361 0
-290 -362 0
-291 -363 0
-292 -364 0
-293 -365 0
-294 -366 0
-295 -367 0
-296 -368 0
-297 -369 0
-289 -370 0
-290 -371 0
-291 -372 0
-292 -373 0
-293 -374 0
-294 -375 0
-295 -376 0
-296 -377 0
-297 -378 0
-289 -379 0
-290 -380 0
-291 -381 0
-292 -382 0
-293 -383 0
-294 -384 0
-295 -385 0
-296 -386 0
-297 -387 0
-289 -388 0
-290 -389 0
-291 -390 0
-292 -391 0
-293 -392 0
-294 -393 0
-295 -394 0
-296 -395 0
-297 -396 0
-289 -397 0
-290 -398 0
-291 -399 0
-292 -400 0
-293 -401 0
-294 -402 0
-295 -403 0
-296 -404 0
-297 -405 0
-289 -406 0
-290 -407 0
-291 -408 0
-292 -409 0
-293 -410 0
-294 -411 0
-295 -412 0
-296 -413 0
-297 -414 0
-289 -415 0
-290 -416 0
-291 -417 0
-292 -418 0
-293 -419 0
-294 -420 0
-295 -421 0
-296 -422 0
-297 -423 0
-289 -433 0
-290 -434 0
-291 -435 0
-292 -436 0
-293 -437 0
-294 -438 0
-295 -439 0
-296 -440 0
-297 -441 0
-289 -442 0
-290 -443 0
-291 -444 0
-292 -445 0
-293 -446 0
-294 -447 0
-295 -448 0
-296 -449 0
-297 -450 0
-298 -307 0
-299 -308 0
-300 -309 0
-301 -310 0
-302 -311 0
-303 -312 0
-304 -313 0
-305 -314 0
-306 -315 0
-298 -316 0
-299 -317 0
-300 -318 0
-301 -319 0
-302 -320 0
-303 -321 0
-304 -322 0
-305 -323 0
-306 -324 0
-298 -325 0
-299 -326 0
-300 -327 0
-301 -328 0
-302 -329 0
-303 -330 0
-304 -331 0
-305 -332 0
-306 -333 0
-298 -334 0
-299 -335 0
-300 -336 0
-301 -337 0
-302 -338 0
-303 -339 0
-304 -340 0
-305 -341 0
-306 -342 0
-298 -343 0
-299 -344 0
-300 -345 0
-301 -346 0
-302 -347 0
-303 -348 0
-304 -349 0
-305 -350 0
-306 -351 0
-298 -352 0
-299 -353 0
-300 -354 0
-301 -355 0
-302 -356 0
-303 -357 0
-304 -358 0
-305 -359 0
-306 -360 0
-298 -361 0
-299 -362 0
-300 -363 0
-301 -364 0
-302 -365 0
-303 -366 0
-304 -367 0
-305 -368 0
-306 -369 0
-298 -379 0
-299 -380 0
-300 -381 0
-301 -382 0
-302 -383 0
-303 -384 0
-304 -385 0
-305 -386 0
-306 -387 0
-298 -406 0
-299 -407 0
-300 -408 0
-301 -409 0
-302 -410 0
-303 -411 0
-304 -412 0
-305 -413 0
-306 -414 0
-298 -415 0
-299 -416 0
-300 -417 0
-301 -418 0
-302 -419 0
-303 -420 0
-304 -421 0
-305 -422 0
-306 -423 0
-298 -424 0
-299 -425 0
-300 -426 0
-301 -427 0
-302 -428 0
-303 -429 0
-304 -430 0
-305 -431 0
-306 -432 0
-298 -433 0
-299 -434 0
-300 -435 0
-301 -436 0
-302 -437 0
-303 -438 0
-304 -439 0
-305 -440 0
-306 -441 0
-298 -442 0
-299 -443 0
-300 -444 0
-301 -445 0
-302 -446 0
-303 -447 0
-304 -448 0
-305 -449 0
-306 -450 0
-307 -316 0
-308 -317 0
-309 -318 0
-310 -319 0
-311 -320 0
-312 -321 0
-313 -322 0
-314 -323 0
-315 -324 0
-307 -325 0
-308 -326 0
-309 -327 0
-310 -328 0
-311 -329 0
-312 -330 0
-313 -331 0
-314 -332 0
-315 -333 0
-307 -343 0
-308 -344 0
-309 -345 0
-310 -346 0
-311 -347 0
-312 -348 0
-313 -349 0
-314 -350 0
-315 -351 0
-307 -352 0
-308 -353 0
-309 -354 0
-310 -355 0
-311 -356 0
-312 -357 0
-313 -358 0
-314 -359 0
-315 -360 0
-307 -361 0
-308 -362 0
-309 -363 0
-310 -364 0
-311 -365 0
-312 -366 0
-313 -367 0
-314 -368 0
-315 -369 0
-307 -370 0
-308 -371 0
-309 -372 0
-310 -373 0
-311 -374 0
-312 -375 0
-313 -376 0
-314 -377 0
-315 -378 0
-307 -379 0
-308 -380 0
-309 -381 0
-310 -382 0
-311 -383 0
-312 -384 0
-313 -385 0
-314 -386 0
-315 -387 0
-307 -388 0
-308 -389 0
-309 -390 0
-310 -391 0
-311 -392 0
-312 -393 0
-313 -394 0
-314 -395 0
-315 -396 0
-307 -397 0
-308 -398 0
-309 -399 0
-310 -400 0
-311 -401 0
-312 -402 0
-313 -403 0
-314 -404 0
-315 -405 0
-307 -406 0
-308 -407 0
-309 -408 0
-310 -409 0
-311 -410 0
-312 -411 0
-313 -412 0
-314 -413 0
-315 -414 0
-307 -415 0
-308 -416 0
-309 -417 0
-310 -418 0
-311 -419 0
-312 -420 0
-313 -421 0
-314 -422 0
-315 -423 0
-307 -424 0
-308 -425 0
-309 -426 0
-310 -427 0
-311 -428 0
-312 -429 0
-313 -430 0
-314 -431 0
-315 -432 0
-307 -442 0
-308 -443 0
-309 -444 0
-310 -445 0
-311 -446 0
-312 -447 0
-313 -448 0
-314 -449 0
-315 -450 0
-316 -325 0
-317 -326 0
-318 -327 0
-319 -328 0
-320 -329 0
-321 -330 0
-322 -331 0
-323 -332 0
-324 -333 0
-316 -343 0
-317 -344 0
-318 -345 0
-319 -346 0
-320 -347 0
-321 -348 0
-322 -349 0
-323 -350 0
-324 -351 0
-316 -352 0
-317 -353 0
-318 -354 0
-319 -355 0
-320 -356 0
-321 -357 0
-322 -358 0
-323 -359 0
-324 -360 0
-316 -361 0
-317 -362 0
-318 -363 0
-319 -364 0
-320 -365 0
-321 -366 0
-322 -367 0
-323 -368 0
-324 -369 0
-316 -370 0
-317 -371 0
-318 -372 0
-319 -373 0
-320 -374 0
-321 -375 0
-322 -376 0
-323 -377 0
-324 -378 0
-316 -388 0
-317 -389 0
-318 -390 0
-319 -391 0
-320 -392 0
-321 -393 0
-322 -394 0
-323 -395 0
-324 -396 0
-316 -397 0
-317 -398 0
-318 -399 0
-319 -400 0
-320 -401 0
-321 -402 0
-322 -403 0
-323 -404 0
-324 -405 0
-316 -415 0
-317 -416 0
-318 -417 0
-319 -418 0
-320 -419 0
-321 -420 0
-322 -421 0
-323 -422 0
-324 -423 0
-316 -424 0
-317 -425 0
-318 -426 0
-319 -427 0
-320 -428 0
-321 -429 0
-322 -430 0
-323 -431 0
-324 -432 0
-316 -433 0
-317 -434 0
-318 -435 0
-319 -436 0
-320 -437 0
-321 -438 0
-322 -439 0
-323 -440 0
-324 -441 0
-325 -334 0
-326 -335 0
-327 -336 0
-328 -337 0
-329 -338 0
-330 -339 0
-331 -340 0
-332 -341 0
-333 -342 0
-325 -343 0
-326 -344 0
-327 -345 0
-328 -346 0
-329 -347 0
-330 -348 0
-331 -349 0
-332 -350 0
-333 -351 0
-325 -361 0
-326 -362 0
-327 -363 0
-328 -364 0
-329 -365 0
-330 -366 0
-331 -367 0
-332 -368 0
-333 -369 0
-325 -370 0
-326 -371 0
-327 -372 0
-328 -373 0
-329 -374 0
-330 -375 0
-331 -376 0
-332 -377 0
-333 -378 0
-325 -379 0
-326 -380 0
-327 -381 0
-328 -382 0
-329 -383 0
-330 -384 0
-331 -385 0
-332 -386 0
-333 -387 0
-325 -406 0
-326 -407 0
-327 -408 0
-328 -409 0
-329 -410 0
-330 -411 0
-331 -412 0
-332 -413 0
-333 -414 0
-325 -415 0
-326 -416 0
-327 -417 0
-328 -418 0
-329 -419 0
-330 -420 0
-331 -421 0
-332 -422 0
-333 -423 0
-325 -424 0
-326 -425 0
-327 -426 0
-328 -427 0
-329 -428 0
-330 -429 0
-331 -430 0
-332 -431 0
-333 -432 0
-325 -433 0
-326 -434 0
-327 -435 0
-328 -436 0
-329 -437 0
-330 -438 0
-331 -439 0
-332 -440 0
-333 -441 0
-325 -442 0
-326 -443 0
-327 -444 0
-328 -445 0
-329 -446 0
-330 -447 0
-331 -448 0
-332 -449 0
-333 -450 0
-334 -343 0
-335 -344 0
-336 -345 0
-337 -346 0
-338 -347 0
-339 -348 0
-340 -349 0
-341 -350 0
-342 -351 0
-334 -361 0
-335 -362 0
-336 -363 0
-337 -364 0
-338 -365 0
-339 -366 0
-340 -367 0
-341 -368 0
-342 -369 0
-334 -370 0
-335 -371 0
-336 -372 0
-337 -373 0
-338 -374 0
-339 -375 0
-340 -376 0
-341 -377 0
-342 -378 0
-334 -379 0
-335 -380 0
-336 -381 0
-337 -382 0
-338 -383 0
-339 -384 0
-340 -385 0
-341 -386 0
-342 -387 0
-334 -397 0
-335 -398 0
-336 -399 0
-337 -400 0
-338 -401 0
-339 -402 0
-340 -403 0
-341 -404 0
-342 -405 0
-334 -406 0
-335 -407 0
-336 -408 0
-337 -409 0
-338 -410 0
-339 -411 0
-340 -412 0
-341 -413 0
-342 -414 0
-334 -415 0
-335 -416 0
-336 -417 0
-337 -418 0
-338 -419 0
-339 -420 0
-340 -421 0
-341 -422 0
-342 -423 0
-334 -424 0
-335 -425 0
-336 -426 0
-337 -427 0
-338 -428 0
-339 -429 0
-340 -430 0
-341 -431 0
-342 -432 0
-334 -433 0
-335 -434 0
-336 -435 0
-337 -436 0
-338 -437 0
-339 -438 0
-340 -439 0
-341 -440 0
-342 -441 0
-334 -442 0
-335 -443 0
-336 -444 0
-337 -445 0
-338 -446 0
-339 -447 0
-340 -448 0
-341 -449 0
-342 -450 0
-343 -352 0
-344 -353 0
-345 -354 0
-346 -355 0
-347 -356 0
-348 -357 0
-349 -358 0
-350 -359 0
-351 -360 0
-343 -361 0
-344 -362 0
-345 -363 0
-346 -364 0
-347 -365 0
-348 -366 0
-349 -367 0
-350 -368 0
-351 -369 0
-343 -370 0
-344 -371 0
-345 -372 0
-346 -373 0
-347 -374 0
-348 -375 0
-349 -376 0
-350 -377 0
-351 -378 0
-343 -388 0
-344 -389 0
-345 -390 0
-346 -391 0
-347 -392 0
-348 -393 0
-349 -394 0
-350 -395 0
-351 -396 0
-343 -397 0
-344 -398 0
-345 -399 0
-346 -400 0
-347 -401 0
-348 -402 0
-349 -403 0
-350 -404 0
-351 -405 0
-343 -406 0
-344 -407 0
-345 -408 0
-346 -409 0
-347 -410 0
-348 -411 0
-349 -412 0
-350 -413 0
-351 -414 0
-343 -415 0
-344 -416 0
-345 -417 0
-346 -418 0
-347 -419 0
-348 -420 0
-349 -421 0
-350 -422 0
-351 -423 0
-343 -424 0
-344 -425 0
-345 -426 0
-346 -427 0
-347 -428 0
-348 -429 0
-349 -430 0
-350 -431 0
-351 -432 0
-343 -433 0
-344 -434 0
-345 -435 0
-346 -436 0
-347 -437 0
-348 -438 0
-349 -439 0
-350 -440 0
-351 -441 0
-343 -442 0
-344 -443 0
-345 -444 0
-346 -445 0
-347 -446 0
-348 -447 0
-349 -448 0
-350 -449 0
-351 -450 0
-352 -370 0
-353 -371 0
-354 -372 0
-355 -373 0
-356 -374 0
-357 -375 0
-358 -376 0
-359 -377 0
-360 -378 0
-352 -379 0
-353 -380 0
-354 -381 0
-355 -382 0
-356 -383 0
-357 -384 0
-358 -385 0
-359 -386 0
-360 -387 0
-352 -388 0
-353 -389 0
-354 -390 0
-355 -391 0
-356 -392 0
-357 -393 0
-358 -394 0
-359 -395 0
-360 -396 0
-352 -397 0
-353 -398 0
-354 -399 0
-355 -400 0
-356 -401 0
-357 -402 0
-358 -403 0
-359 -404 0
-360 -405 0
-352 -406 0
-353 -407 0
-354 -408 0
-355 -409 0
-356 -410 0
-357 -411 0
-358 -412 0
-359 -413 0
-360 -414 0
-352 -415 0
-353 -416 0
-354 -417 0
-355 -418 0
-356 -419 0
-357 -420 0
-358 -421 0
-359 -422 0
-360 -423 0
-352 -424 0
-353 -425 0
-354 -426 0
-355 -427 0
-356 -428 0
-357 -429 0
-358 -430 0
-359 -431 0
-360 -432 0
-352 -433 0
-353 -434 0
-354 -435 0
-355 -436 0
-356 -437 0
-357 -438 0
-358 -439 0
-359 -440 0
-360 -441 0
-352 -442 0
-353 -443 0
-354 -444 0
-355 -445 0
-356 -446 0
-357 -447 0
-358 -448 0
-359 -449 0
-360 -450 0
-361 -370 0
-362 -371 0
-363 -372 0
-364 -373 0
-365 -374 0
-366 -375 0
-367 -376 0
-368 -377 0
-369 -378 0
-361 -388 0
-362 -389 0
-363 -390 0
-364 -391 0
-365 -392 0
-366 -393 0
-367 -394 0
-368 -395 0
-369 -396 0
-361 -397 0
-362 -398 0
-363 -399 0
-364 -400 0
-365 -401 0
-366 -402 0
-367 -403 0
-368 -404 0
-369 -405 0
-361 -415 0
-362 -416 0
-363 -417 0
-364 -418 0
-365 -419 0
-366 -420 0
-367 -421 0
-368 -422 0
-369 -423 0
-361 -424 0
-362 -425 0
-363 -426 0
-364 -427 0
-365 -428 0
-366 -429 0
-367 -430 0
-368 -431 0
-369 -432 0
-361 -433 0
-362 -434 0
-363 -435 0
-364 -436 0
-365 -437 0
-366 -438 0
-367 -439 0
-368 -440 0
-369 -441 0
-370 -379 0
-371 -380 0
-372 -381 0
-373 -382 0
-374 -383 0
-375 -384 0
-376 -385 0
-377 -386 0
-378 -387 0
-370 -388 0
-371 -389 0
-372 -390 0
-373 -391 0
-374 -392 0
-375 -393 0
-376 -394 0
-377 -395 0
-378 -396 0
-370 -397 0
-371 -398 0
-372 -399 0
-373 -400 0
-374 -401 0
-375 -402 0
-376 -403 0
-377 -404 0
-378 -405 0
-370 -406 0
-371 -407 0
-372 -408 0
-373 -409 0
-374 -410 0
-375 -411 0
-376 -412 0
-377 -413 0
-378 -414 0
-370 -433 0
-371 -434 0
-372 -435 0
-373 -436 0
-374 -437 0
-375 -438 0
-376 -439 0
-377 -440 0
-378 -441 0
-370 -442 0
-371 -443 0
-372 -444 0
-373 -445 0
-374 -446 0
-375 -447 0
-376 -448 0
-377 -449 0
-378 -450 0
-379 -388 0
-380 -389 0
-381 -390 0
-382 -391 0
-383 -392 0
-384 -393 0
-385 -394 0
-386 -395 0
-387 -396 0
-379 -397 0
-380 -398 0
-381 -399 0
-382 -400 0
-383 -401 0
-384 -402 0
-385 -403 0
-386 -404 0
-387 -405 0
-379 -406 0
-380 -407 0
-381 -408 0
-382 -409 0
-383 -410 0
-384 -411 0
-385 -412 0
-386 -413 0
-387 -414 0
-379 -415 0
-380 -416 0
-381 -417 0
-382 -418 0
-383 -419 0
-384 -420 0
-385 -421 0
-386 -422 0
-387 -423 0
-379 -424 0
-380 -425 0
-381 -426 0
-382 -427 0
-383 -428 0
-384 -429 0
-385 -430 0
-386 -431 0
-387 -432 0
-379 -442 0
-380 -443 0
-381 -444 0
-382 -445 0
-383 -446 0
-384 -447 0
-385 -448 0
-386 -449 0
-387 -450 0
-388 -397 0
-389 -398 0
-390 -399 0
-391 -400 0
-392 -401 0
-393 -402 0
-394 -403 0
-395 -404 0
-396 -405 0
-388 -406 0
-389 -407 0
-390 -408 0
-391 -409 0
-392 -410 0
-393 -411 0
-394 -412 0
-395 -413 0
-396 -414 0
-388 -433 0
-389 -434 0
-390 -435 0
-391 -436 0
-392 -437 0
-393 -438 0
-394 -439 0
-395 -440 0
-396 -441 0
-388 -442 0
-389 -443 0
-390 -444 0
-391 -445 0
-392 -446 0
-393 -447 0
-394 -448 0
-395 -449 0
-396 -450 0
-397 -433 0
-398 -434 0
-399 -435 0
-400 -436 0
-401 -437 0
-402 -438 0
-403 -439 0
-404 -440 0
-405 -441 0
-397 -442 0
-398 -443 0
-399 -444 0
-400 -445 0
-401 -446 0
-402 -447 0
-403 -448 0
-404 -449 0
-405 -450 0
-406 -415 0
-407 -416 0
-408 -417 0
-409 -418 0
-410 -419 0
-411 -420 0
-412 -421 0
-413 -422 0
-414 -423 0
-406 -424 0
-407 -425 0
-408 -426 0
-409 -427 0
-410 -428 0
-411 -429 0
-412 -430 0
-413 -431 0
-414 -432 0
-406 -433 0
-407 -434 0
-408 -435 0
-409 -436 0
-410 -437 0
-411 -438 0
-412 -439 0
-413 -440 0
-414 -441 0
-406 -442 0
-407 -443 0
-408 -444 0
-409 -445 0
-410 -446 0
-411 -447 0
-412 -448 0
-413 -449 0
-414 -450 0
-415 -424 0
-416 -425 0
-417 -426 0
-418 -427 0
-419 -428 0
-420 -429 0
-421 -430 0
-422 -431 0
-423 -432 0
-415 -433 0
-416 -434 0
-417 -435 0
-418 -436 0
-419 -437 0
-420 -438 0
-421 -439 0
-422 -440 0
-423 -441 0
-415 -442 0
-416 -443 0
-417 -444 0
-418 -445 0
-419 -446 0
-420 -447 0
-421 -448 0
-422 -449 0
-423 -450 0
-424 -433 0
-425 -434 0
-426 -435 0
-427 -436 0
-428 -437 0
-429 -438 0
-430 -439 0
-431 -440 0
-432 -441 0
-424 -442 0
-425 -443 0
-426 -444 0
-427 -445 0
-428 -446 0
-429 -447 0
-430 -448 0
-431 -449 0
-432 -450 0
-433 -442 0
-434 -443 0
-435 -444 0
-436 -445 0
-437 -446 0
-438 -447 0
-439 -448 0
-440 -449 0
-441 -450 0
